-0.039890733 0.0019878913
0.15704836 0.005031098
-0.04762539 0.0036800122
-0.005535779 0.0038400139
0.021666931 0.0046213837
0.012690253 0.0010343515
0.03211802 0.0031385135
-0.014127257 0.0027253956
-0.005530668 7.3061647e-06
0.0042939703 0.00093349995
0.004297803 0.00063491444
0.0013916263 0.0014896079
-0.008214704 0.0008536853
0.009920396 0.0015022447
-0.0018059709 0.0010722377
0.020475978 0.0020713324
-0.03331822 0.0011615698
0.019191295 0.0025560663
0.0032748813 0.00069455313
-0.018978767 0.0023105524
0.0067913 0.002411152
0.0052390345 0.0008253232
-0.007965699 0.0013970087
0.021815602 0.00019443467
-0.075315066 0.0020808913
0.0476503 0.0028640192
0.04768262 0.0022725598
0.014567641 0.0015858026
-0.00057846704 0.0006476483
-0.03874982 0.0023203606
-0.020090736 0.0015115466
-0.02579055 0.0024684283
-0.016775733 0.0017158963
0.01082043 0.0027410868
0.0036206106 0.0014774291
0.009475499 0.0012166356
0.022308076 0.002189699
0.018726598 0.00091296574
0.010616696 0.001569459
0.006395059 0.002109594
0.014239557 0.0010211109
0.0011958712 0.0016006889
0.0068503604 0.00080244
-0.006627812 0.0011846545
9.389571e-05 0.0013130412
-0.003941051 0.0006593612
-0.01648808 0.0023318755
0.0126226535 0.0066301036
-0.012775629 0.0012353684
-0.012528957 0.0017117809
-0.0016039304 0.0016152095
0.0046369727 0.000762667
0.0070299827 0.0016130822
0.011066599 2.7361659e-05
0.007600212 1.3848755e-05
-0.0022237645 1.6608652e-06
-0.022808693 0.005691164
-0.0046707536 4.6153023e-06
0.0026469177 0.00075269124
0.0062347073 0.0036066142
0.0023245648 0.0015008731
0.024247656 0.0032405385
0.005420616 6.812311e-06
0.009798178 0.0024518964
-0.052507848 0.017954364
0.010090612 0.0039117904
-0.021996535 0.0041072015
0.028682658 0.009725738
-0.010950704 0.0012216659
-0.0044585685 0.0013490722
-0.017614458 0.0020344162
0.0057922187 0.0043312795
-0.014463388 0.0017266659
0.0040064068 0.0028298919
-0.0032364323 0.001074759
-0.018849192 0.004032863
0.0013396369 0.0011703217
0.009893746 0.003391408
-0.005597184 0.0011164469
-0.00145574 6.23405e-07
0.005363307 0.0018017846
0.005400084 0.0015270769
-0.02794676 0.0079238145
0.011246641 0.002845254
0.0095446 0.0023731126
-0.0071798293 0.002626358
0.008222058 0.0015527017
0.01006911 0.0019525844
-0.0045338394 0.0023578566
0.005723516 0.0008249138
0.018316226 0.004513786
0.008039286 0.0015604728
0.019614242 0.005004529
-0.015144146 0.0038851616
0.013267109 0.0044518625
-0.010491041 0.0029150986
0.0053789453 0.0021043348
-0.0054039177 0.0009379012
-0.03468286 0.009109994
-0.0010236362 0.0010870529
0.0031712498 3.2840887e-06
0.0032838422 0.0010705255
0.0014176851 0.0023365861
0.026042603 0.0036595836
0.0016072383 0.0024227896
0.0074940925 0.0011784267
-0.009222724 0.0019066939
0.0011962577 0.002623644
0.011194681 0.0026303108
-0.041754436 0.004675655
0.045264505 0.0040690075
-0.13638757 0.01030448
-0.002152094 0.0014643612
0.09399517 0.016698238
-0.006039073 0.0011492877
-0.11787431 0.0058606276
-0.12557523 0.006312355
-0.04914486 0.0045808605
0.0082546035 0.0013912047
0.036300376 0.001440953
0.027625093 0.0020632849
-0.02741979 0.0061305235
-0.017552635 0.0029467128
0.018444836 0.0029345748
-0.058198757 0.002741328
0.030213526 0.017101647
-0.09231572 0.032015294
-0.0067646545 8.927966e-05
0.11089309 0.012664505
0.09155057 0.0056863264
0.020867858 0.0011671481
-0.034222502 0.0041798814
-0.061173003 0.0034694695
-0.0574306 0.0019815124
-0.020688046 0.0036715143
-0.033301454 0.002249063
0.009171881 0.005275427
-0.0098819835 0.0015507522
0.0044208136 0.0012133614
0.016903106 0.004640225
-0.0051392447 0.0016864071
0.004505913 0.0008567593
0.03941966 0.010408363
0.0031803937 0.000724209
0.011959502 0.0034985843
0.0032474736 0.0011437357
-0.010098506 0.0022790344
-0.019125758 0.005166821
-0.004573252 0.0008916495
-0.021892607 0.006662688
-0.0147577785 0.005308104
0.015696507 0.0034205196
0.010604704 0.0013897868
0.0014201293 0.0011994523
0.00902132 0.0007400975
0.008774998 0.00078183267
-0.0014495206 0.0018800593
0.01838245 0.003845943
0.014284268 0.0028753956
0.010484482 0.0019669565
0.012748326 0.0029515852
0.021275101 0.0058957143
-0.011635894 0.0031852121
-0.0064730695 0.0015247278
0.0021082347 0.0012419029
0.0008207362 0.0010575091
-0.006269199 0.0009149944
0.0011411589 0.0012198339
-0.0072271535 0.0012582481
0.008105463 0.002654561
-0.008264285 0.001947874
0.007826432 0.0019766649
-0.016599474 0.0049955556
0.008108555 0.0010978553
-0.012371349 0.005402892
0.022434242 0.0041946564
0.011461851 0.00080072164
0.007983163 0.0012163774
0.001483664 0.0017763615
-0.0016372935 0.0033594181
-0.019464597 0.0008124805
0.009018103 0.0015951329
-0.0114750415 0.005218771
0.015326314 0.0011211872
0.029413851 0.0014948237
-0.0049538584 0.0015562057
-0.01664953 0.001137745
0.025917653 0.007081297
-0.014562228 0.0009027457
0.00890738 0.0018104274
0.0229367 0.004579861
0.0015238803 0.0007170064
-0.0029032424 0.001468955
0.014826708 0.0011993868
-0.007869896 0.002364319
-0.029158572 0.0017901724
0.014014044 0.0015435538
0.03750615 0.0030821098
-0.0069052503 0.0046467423
-0.036690127 0.0056393957
-0.029865097 0.0026672434
0.024900751 0.0017139234
0.027899208 0.002654046
0.009512992 0.0014304627
-0.016287765 0.0024115057
-0.0148500195 0.0021342847
0.0063133477 0.0009342935
-0.0016376051 0.002594665
0.0052549313 0.0024530853
-0.00042471863 0.0041311583
0.0063353907 0.0019752174
-0.0042562806 0.0022274854
0.014984438 0.00253157
-0.0006652378 0.0026009236
-0.004731316 0.005071576
0.0026241373 0.0023586259
0.012437235 0.0026607912
0.017388022 0.003462721
4.9176004e-05 0.0016993737
-0.015470705 0.0044749053
-0.027006641 0.005072265
-0.02902977 0.0014987044
-0.009544475 0.00144296
0.007000054 0.0009885787
0.013275429 0.0032917913
0.020969957 0.0057480615
0.0035832608 0.0040507074
-0.00793045 0.0038637589
-0.013282247 0.00016916482
-0.013247974 0.0021194303
-0.007616036 0.0020707143
-0.005993262 0.00093652867
0.00030496702 0.0007785798
0.0060877744 0.0011030955
0.0076020504 0.0016967597
0.039238874 0.0035657762
0.007774165 2.357923e-05
0.0038333763 0.0019375304
-0.002282826 3.6263966e-06
-0.0037781526 0.0038208514
-0.008768837 0.0012142579
-0.0038773098 0.0022256437
-0.0155970445 0.0013174239
-0.014252382 0.0019268637
-0.012275351 0.0016268289
-0.010899985 0.0009225589
-0.0012573187 0.0007684919
-0.008607169 0.00175404
0.00039504873 0.0015209399
0.0018957669 0.0010096007
0.009436654 0.0010465401
0.01814624 0.0055672363
0.0056600543 0.00070257863
0.014166071 0.003823353
0.0059667216 0.0008771886
0.004696001 0.0015094926
0.0073622535 0.0036685576
0.02122641 0.004687159
-0.006434234 0.00077428547
-0.0062584053 1.2347592e-05
-0.008397722 2.9493087e-05
-0.0053114677 0.0007716876
-0.005782025 0.0008315387
-0.006886136 0.0008261778
-0.0051248665 1.0690343e-05
0.004346329 0.0010396634
-0.0030560843 0.002121077
0.0014979767 0.00269735
0.011877351 0.001767781
0.0077604903 0.0009913682
0.0044824397 0.0015114292
0.007252802 0.0009886913
0.021132315 0.0028345303
-0.0036648372 0.00083758566
-0.0045825955 0.0009872199
-0.0011848529 0.00092288206
-0.0009825283 0.0021374377
-0.008067986 0.002407394
-0.017230038 0.0028066642
-0.0034340518 0.00095171167
-0.004463984 0.0006855677
-0.001041331 0.00078031793
0.0062477794 0.0041972175
0.0064249444 0.00453833
0.0030911295 0.0023456055
0.0030078257 0.0022105544
-0.014991343 0.0030354944
0.00057944836 0.0010649661
-0.0007286367 2.4439314e-07
0.0029295208 0.0029388901
-0.0045759194 0.003705603
-0.0005610089 0.0007261833
0.021874784 0.004240263
-0.0026603816 0.002123432
-0.00024316851 0.0014722195
-0.0012456484 0.0009765779
-0.000467885 0.002636858
0.00047413766 0.003861079
-0.0058497437 0.0009204275
-0.012430534 0.0013730455
-0.0050838026 0.0010835575
-0.001532802 0.0008589004
0.0027681156 0.0037798441
-0.0027297377 0.0033304929
0.0013429708 0.0021925406
0.0038478726 7.915912e-06
-0.0052550547 0.0016551112
0.0068220575 2.526951e-05
-0.0040386976 0.0018116706
0.0055926037 0.0010935656
-0.0028177523 0.0009890287
0.0014340187 0.0008790272
-0.0016192695 2.162268e-06
-0.0036371197 0.0020997643
-0.0013407489 0.0033849394
-0.003176907 0.0023376087
-0.0014780225 6.044522e-06
0.025010275 0.0037838921
-0.0016702024 0.0018065341
-0.00087103917 1.6811146e-06
-0.00026300727 0.0018384596
0.0027196065 0.0022112585
0.028318154 0.0023874142
-9.1907415e-05 0.0025577713
-0.0038773254 0.002360394
-0.008100209 0.0031756295
-0.008369596 0.0012213656
-0.009907772 0.0010277223
0.012895106 0.0021589643
-0.00019479413 0.0013792876
0.005550876 0.0021776971
0.0058843577 0.0016256737
-0.0051860833 0.0020751364
0.010249845 0.0053105196
0.0024234736 0.001721414
0.004727096 0.0017755853
-0.002292928 0.003104024
-0.00745471 0.0021460936
-0.0008756154 0.0010021152
0.0022765703 0.0013932061
-0.00062357256 0.0011824347
-0.0014118411 0.0007697148
-0.0028991855 0.0019855232
-0.0036789034 0.000990166
-0.002256947 0.00064166903
0.0029563974 0.0011971273
0.0028394756 0.00085780997
0.004002727 0.0017423632
0.008306714 0.0015331939
-0.028621063 0.0058116727
0.0037331313 0.001467454
-0.0025118173 0.0009850891
0.0045457757 6.748346e-06
-0.0043257684 0.0013747104
0.0058860937 0.0015944644
0.0025548865 0.00081725186
-0.016973691 0.0036550637
0.050863795 0.008535067
0.008279575 0.001933068
-0.003765441 0.0028567887
-0.010541687 0.0010072382
-0.009733315 0.001423346
-0.010598467 0.0008808462
-0.0084869955 0.000936294
-0.0028417357 0.0043533696
-0.0024903354 0.0034722637
0.00016611126 0.003555872
-0.0032706414 0.0015810918
0.0057949508 0.001324565
0.001845527 0.0024271754
0.00043864228 0.0010128717
0.00033756043 0.0022305509
-0.0019347676 0.00071959395
-0.01992309 0.0030605851
-0.0023823364 0.0018072315
0.0028409262 0.0042074528
0.0018303905 0.0012351781
-0.0016991475 0.004340019
0.0023077175 0.00074817735
0.0014671066 0.0016664956
0.009754653 0.0009485577
-5.147114e-05 0.0008618833
-0.00083756854 0.0006966433
-0.0025926128 0.0014456634
-0.0015163483 2.4750173e-06
-0.0005003244 0.0016299695
-0.0003128582 0.003289628
-0.0019405173 0.0011565168
-0.0038996704 0.0010685603
-0.02223456 0.0025154739
-0.0018146122 0.0049938555
0.0049434546 0.0022041756
0.009329347 0.00015487822
0.0063792104 0.00089314405
0.002596629 0.0013340311
-0.0018455423 0.0009081879
-0.00423532 0.0023170274
-0.007463787 0.00113145
-0.0061630253 0.0007264149
-0.004005898 0.0009221958
-0.0005434737 0.002356921
0.005297438 3.4652916e-05
0.0053806445 0.0027647205
0.017533144 0.002172769
0.003013531 0.0016229353
-0.003327599 1.3728456e-05
-0.0077202753 0.0014565217
-0.009832145 0.0027691785
-0.006719255 0.00092814147
-0.002338244 0.0020124607
-0.0004762953 0.0013420102
0.0016661251 0.005445603
-0.00050910196 0.004974428
-0.007609951 7.1597606e-05
-0.0073963837 0.001349653
-0.0021949336 0.0016239128
-0.004041607 0.000709388
0.0052594813 7.930249e-05
0.0034915325 0.0011566211
0.000998321 0.005425434
-0.0032987858 0.0011883727
-0.005520675 0.0013472605
-0.0028392386 0.00087114156
0.0007748496 0.0010715323
0.0053340816 0.0011590512
0.004322585 0.004786435
0.005479513 0.0031719625
-0.0061624194 0.0044430257
-0.010616727 0.0015630609
-0.0074702194 0.0025701218
0.004217201 0.0019557034
0.021186875 0.009609857
-0.0022026019 0.0010692828
-0.009568593 0.0019892699
-0.009746709 0.0044095577
0.0018988829 0.0046765236
0.008448463 0.0018071039
0.011563519 0.0016699032
0.003768681 0.0020998875
-0.004237129 0.0013051042
-0.008111454 0.0064686737
-0.009093492 0.0009584456
-0.0010266152 0.0036770254
0.029645756 0.0026957782
0.014381785 0.0026439182
0.011171531 0.0019164383
0.009553218 0.0011259102
0.0042958986 0.002915984
-0.003587467 0.0026261732
-0.01147985 5.870505e-05
-0.013679233 0.0023125361
-0.016069973 0.0011229526
-0.017624551 0.0025791833
-0.010417973 0.0016046001
-0.010157601 0.003482397
0.0033425235 0.0033575688
0.033033695 0.003977972
0.008030816 0.00089670595
0.011552304 0.0038511974
0.0057050763 0.0012385899
0.0034259844 0.0021373415
0.0075466153 0.0010035464
0.020904088 0.0032411506
0.0214755 0.0049062045
0.0031568194 0.0012569381
-0.03487511 0.006073904
-0.007402766 1.1830907e-05
0.0007453805 0.0023788293
0.0018303947 0.005827315
-0.014600156 0.000664065
-0.017658703 0.0016936448
-0.010593646 2.2864147e-05
-0.005314436 0.0021658335
-0.015080117 0.0018564347
-0.011655402 0.0013569427
0.0018617349 0.002894192
0.014074816 0.004578765
0.0011668273 0.0020358213
0.00012609838 0.0010754219
-0.0028334744 0.0015113379
0.00039119145 0.00062549475
-0.0048578866 0.0014752176
0.0062601995 0.003190453
-0.0028034153 0.002841133
0.0014333194 5.2463554e-07
0.0068848953 0.002851204
-0.0033865848 0.0031807872
0.0063940748 0.0028826806
-0.0107090855 0.0036660351
0.004306924 0.0014291805
0.007576312 0.0041761533
-0.01555416 0.011612416
0.004313763 0.0015489418
-0.0031350187 0.0038031975
0.0013798325 0.0014169366
0.0045297467 4.8198376e-06
0.0025836776 0.0016126579
0.0065243207 0.0011157473
0.0026933434 0.0015156323
-0.0011146192 0.0017482529
0.0025111088 0.0015775594
0.0025730059 0.0015772748
0.010731317 0.0041943486
0.010446814 0.0041898685
-0.013926832 0.0036483523
0.00045782293 1.1365868e-07
0.0041557616 0.0010065768
-0.0026056957 1.7369979e-06
0.0022655404 0.0010292962
0.0016748175 0.0028649915
-0.005976674 0.00096803
-0.009506135 0.00110877
0.00071912876 0.003151321
-0.011696007 0.005710952
0.0017998896 0.0026244407
0.00025294462 0.0016197091
-0.0007277424 0.0007391953
0.008185869 0.0058115064
-0.0020105194 1.0905657e-06
-0.0009654096 0.001242884
0.00028822813 0.0008389327
-0.0033370375 3.2005141e-06
-0.0032111204 3.0686556e-06
-0.0053262576 0.00068299734
0.001207988 0.0030926517
-0.0005652136 0.00097274064
-0.005849338 0.0010670585
-0.021757016 0.0043606027
0.0033500195 0.0040990193
0.0016040392 0.0009549878
0.008009017 0.00097064674
-7.2316136e-05 0.0012900057
-0.00014019993 0.0010629521
0.028631704 0.0034008466
-0.0007581347 0.0009944808
0.011083621 0.0015673442
0.0033063774 0.0041655204
-0.002732374 3.527124e-06
-0.0039915573 0.00083409884
-0.0065660854 0.003114293
-0.016296485 0.002361108
-0.0017661072 9.895706e-07
0.0033049085 0.0028925827
0.0014631909 0.00086868514
0.0022034266 0.0013644329
0.0036275957 0.0029974459
0.0041797115 0.004543043
-0.0052053616 0.0028459067
-0.0021776326 0.0010615279
-0.013629498 0.0016821007
-0.003712736 0.000684593
-0.008676153 0.0010389778
-0.0020830785 0.0029950573
0.0030664399 0.00066180615
0.0065369895 0.0040743384
0.0052743317 0.0022081486
0.001544081 0.0007255981
0.0076397937 0.001330632
-0.0013022434 0.0016614874
-0.010965433 0.0013002488
-0.026027786 0.002950764
-0.009884809 0.00088832347
-0.0010359953 0.0021945199
0.004522955 0.0046719206
0.0017946364 0.0011057627
0.0016144619 3.683549e-06
0.00023536422 1.3714325e-07
-0.0013274828 0.0020863563
-7.964981e-05 0.0038682965
-0.0018607847 0.00253666
-0.0012445339 0.0021855438
0.00073256163 0.0022272237
0.00059104443 0.005418622
-0.00038826425 0.0019312568
-0.0032565296 0.0011707861
-0.0023812712 0.0023756942
-0.00042779016 0.004363164
0.0011037696 0.0036202653
-2.813533e-05 0.002365985
-0.00090378436 0.0019894142
-0.00023514485 0.0050048307
2.5109479e-05 0.0017398654
0.0014909987 0.00071257807
0.00041820848 0.0030592463
-0.0012350994 0.0027798337
-0.0012697839 3.2294516e-05
2.8216913e-05 0.003702438
4.0227387e-05 0.001423362
7.72589e-05 0.0014709551
0.00048670743 0.001181868
-5.7026e-05 0.0056149717
-0.002690776 0.0009098003
-0.0010759272 0.001573808
-0.0007110648 0.0034549152
0.00039774447 0.0020231465
0.029798985 0.0015858925
-0.0005206228 1.8460541e-05
0.031600896 0.0017118348
-0.00028192866 0.0015673703
0.0006423919 2.8895183e-06
0.0016102287 0.0050577354
-1.9675175e-05 1.4389946e-07
-0.0023261807 0.001807652
-0.004516696 0.003141438
-0.0033610836 0.0043714093
-0.0038212202 0.00069069274
-0.0036263415 9.910078e-06
-0.0024369333 0.0008450418
-0.0020372432 0.0038574182
0.00093154854 0.0026639071
0.0050111124 1.6642234e-05
0.005942186 0.0021656372
0.009212063 0.0023887842
0.007958913 0.0035686577
0.005378175 0.0015714376
-0.0033772774 0.0050024632
-0.00183497 0.00094364135
-0.006534976 0.0031153362
0.016647603 0.00478174
-0.006493218 0.0017336585
-0.0068862494 0.0039394773
0.0004017992 0.000673311
0.0015060754 0.001313461
-0.0020041757 0.0007974116
0.0051105917 0.0017927758
0.011813506 0.007862533
0.0034328955 0.002071458
-0.012021845 0.0018080341
0.004679621 0.007210741
-0.015591457 0.0012565032
0.004132471 0.0019788647
-0.00910431 0.0016776134
-0.0047882074 0.0031015817
-0.009734531 0.0020501434
-0.0031378935 0.001588362
-0.02638532 0.005000098
0.0038281274 0.0019227371
0.0069053886 0.0014288855
0.0072845463 0.002008877
-0.0108637065 0.0018407454
0.0036601198 0.0021694854
-0.00018242658 0.00070599373
-0.0031980448 0.0009007679
-0.0045344927 0.0013658281
0.030275883 0.0029665343
0.0031063186 0.0013103698
-0.0014445595 0.0012374605
0.000578939 0.005782181
-0.009638603 0.0007972129
-0.016571816 0.0016016362
0.050038535 0.0015224774
-0.22239965 0.007980036
0.012366273 0.0012802863
