1.664629578590393066e-01 1.683087199926376343e-01 1.619869321584701538e-01 1.656283587217330933e-01 1.639173477888107300e-01 1.736957132816314697e-01
1.665049642324447632e-01 1.680268645286560059e-01 1.627322733402252197e-01 1.665670424699783325e-01 1.637852489948272705e-01 1.723836362361907959e-01
1.652683019638061523e-01 1.681784242391586304e-01 1.631595939397811890e-01 1.671030521392822266e-01 1.645400971174240112e-01 1.717505604028701782e-01
1.666733920574188232e-01 1.681117117404937744e-01 1.619108617305755615e-01 1.643142402172088623e-01 1.624949276447296143e-01 1.764948368072509766e-01
1.670369952917098999e-01 1.680162549018859863e-01 1.626770198345184326e-01 1.639442294836044312e-01 1.616841405630111694e-01 1.766413301229476929e-01
1.667675226926803589e-01 1.678952276706695557e-01 1.624536514282226562e-01 1.644785702228546143e-01 1.624621748924255371e-01 1.759428381919860840e-01
1.668543368577957153e-01 1.676987707614898682e-01 1.620988994836807251e-01 1.646521836519241333e-01 1.628545373678207397e-01 1.758412420749664307e-01
1.668036282062530518e-01 1.679040640592575073e-01 1.620953530073165894e-01 1.645657420158386230e-01 1.630475223064422607e-01 1.755837053060531616e-01
1.667748689651489258e-01 1.680016219615936279e-01 1.621492356061935425e-01 1.645845025777816772e-01 1.632395386695861816e-01 1.752502173185348511e-01
1.667026728391647339e-01 1.678623855113983154e-01 1.622678041458129883e-01 1.648557186126708984e-01 1.635380983352661133e-01 1.747733503580093384e-01
1.660149693489074707e-01 1.682752370834350586e-01 1.619167625904083252e-01 1.656640172004699707e-01 1.638530641794204712e-01 1.742759793996810913e-01
1.655899137258529663e-01 1.682577282190322876e-01 1.624819934368133545e-01 1.663931012153625488e-01 1.645175516605377197e-01 1.727597117424011230e-01
1.656508147716522217e-01 1.679663658142089844e-01 1.626099199056625366e-01 1.666388809680938721e-01 1.649769246578216553e-01 1.721570938825607300e-01
1.671758443117141724e-01 1.684425026178359985e-01 1.614920645952224731e-01 1.654771864414215088e-01 1.623180359601974487e-01 1.750943362712860107e-01
1.689129769802093506e-01 1.681290119886398315e-01 1.599379330873489380e-01 1.637887507677078247e-01 1.618750989437103271e-01 1.773561686277389526e-01
1.676252782344818115e-01 1.679979413747787476e-01 1.603161990642547607e-01 1.648665219545364380e-01 1.628754138946533203e-01 1.763186752796173096e-01
1.698748767375946045e-01 1.681058108806610107e-01 1.589534282684326172e-01 1.644086688756942749e-01 1.627541333436965942e-01 1.759031265974044800e-01
1.696871072053909302e-01 1.681257784366607666e-01 1.600958108901977539e-01 1.641155332326889038e-01 1.628603190183639526e-01 1.751154512166976929e-01
1.687386929988861084e-01 1.683289557695388794e-01 1.608023047447204590e-01 1.640502512454986572e-01 1.626289784908294678e-01 1.754508614540100098e-01
1.682806760072708130e-01 1.680900156497955322e-01 1.616636365652084351e-01 1.644341051578521729e-01 1.632176190614700317e-01 1.743140071630477905e-01
1.683985292911529541e-01 1.677288264036178589e-01 1.621942222118377686e-01 1.645111739635467529e-01 1.635772287845611572e-01 1.735900342464447021e-01
1.672189235687255859e-01 1.677033901214599609e-01 1.620159894227981567e-01 1.651706248521804810e-01 1.643286943435668945e-01 1.735624521970748901e-01
1.670091897249221802e-01 1.672058254480361938e-01 1.616993993520736694e-01 1.657770574092864990e-01 1.654008030891418457e-01 1.729076951742172241e-01
1.671880483627319336e-01 1.680572479963302612e-01 1.616519540548324585e-01 1.652782708406448364e-01 1.627237647771835327e-01 1.751007139682769775e-01
1.657054871320724487e-01 1.691409051418304443e-01 1.623279005289077759e-01 1.664349585771560669e-01 1.614056527614593506e-01 1.749850958585739136e-01
1.661401987075805664e-01 1.694582402706146240e-01 1.639178991317749023e-01 1.660816818475723267e-01 1.612170785665512085e-01 1.731848418712615967e-01
1.666277796030044556e-01 1.700446158647537231e-01 1.620040088891983032e-01 1.649774163961410522e-01 1.620740741491317749e-01 1.742720752954483032e-01
1.669979542493820190e-01 1.692049354314804077e-01 1.626727283000946045e-01 1.649958193302154541e-01 1.622828692197799683e-01 1.738457232713699341e-01
1.662032157182693481e-01 1.691480427980422974e-01 1.622356325387954712e-01 1.661784350872039795e-01 1.622025817632675171e-01 1.740320622920989990e-01
1.666754782199859619e-01 1.689809709787368774e-01 1.623592078685760498e-01 1.652445942163467407e-01 1.624343693256378174e-01 1.743053495883941650e-01
1.679415553808212280e-01 1.684071868658065796e-01 1.620680391788482666e-01 1.641944348812103271e-01 1.616999357938766479e-01 1.756888180971145630e-01
1.676384806632995605e-01 1.680885255336761475e-01 1.616134643554687500e-01 1.646378934383392334e-01 1.623620390892028809e-01 1.756595820188522339e-01
1.677094399929046631e-01 1.680794954299926758e-01 1.612028926610946655e-01 1.644153296947479248e-01 1.622317582368850708e-01 1.763610541820526123e-01
1.673341095447540283e-01 1.682557761669158936e-01 1.616577506065368652e-01 1.647366136312484741e-01 1.625946909189224243e-01 1.754210889339447021e-01
1.670179218053817749e-01 1.681646108627319336e-01 1.619792133569717407e-01 1.647771596908569336e-01 1.627857834100723267e-01 1.752753704786300659e-01
1.665906757116317749e-01 1.679456532001495361e-01 1.626295894384384155e-01 1.650792658329010010e-01 1.630616486072540283e-01 1.746931374073028564e-01
1.671330034732818604e-01 1.677131950855255127e-01 1.630806326866149902e-01 1.648148298263549805e-01 1.634378433227539062e-01 1.738205254077911377e-01
1.646067351102828979e-01 1.686557084321975708e-01 1.595959067344665527e-01 1.662116199731826782e-01 1.680586338043212891e-01 1.728713661432266235e-01
1.647312194108963013e-01 1.688323020935058594e-01 1.598063707351684570e-01 1.660534888505935669e-01 1.677837520837783813e-01 1.727928370237350464e-01
1.654748320579528809e-01 1.697932630777359009e-01 1.605102866888046265e-01 1.657412648200988770e-01 1.659421622753143311e-01 1.725381910800933838e-01
1.654979139566421509e-01 1.692908108234405518e-01 1.607019305229187012e-01 1.657000482082366943e-01 1.663663536310195923e-01 1.724429130554199219e-01
1.655287444591522217e-01 1.687730103731155396e-01 1.611036658287048340e-01 1.657254397869110107e-01 1.667433977127075195e-01 1.721257269382476807e-01
1.654271483421325684e-01 1.703012734651565552e-01 1.618965417146682739e-01 1.651548892259597778e-01 1.651673614978790283e-01 1.720527261495590210e-01
1.659375280141830444e-01 1.705274879932403564e-01 1.617287844419479370e-01 1.641747653484344482e-01 1.637735813856124878e-01 1.738579124212265015e-01
1.660975962877273560e-01 1.709187924861907959e-01 1.622159481048583984e-01 1.646777689456939697e-01 1.631762832403182983e-01 1.729135811328887939e-01
1.668277382850646973e-01 1.698507964611053467e-01 1.622856408357620239e-01 1.650447547435760498e-01 1.634415388107299805e-01 1.725494861602783203e-01
1.602836698293685913e-01 1.687909811735153198e-01 1.594626903533935547e-01 1.716118752956390381e-01 1.664609313011169434e-01 1.733898222446441650e-01
1.630347073078155518e-01 1.679745316505432129e-01 1.596217453479766846e-01 1.687888950109481812e-01 1.640383750200271606e-01 1.765417754650115967e-01
1.633741855621337891e-01 1.676042526960372925e-01 1.604117751121520996e-01 1.682320237159729004e-01 1.647662222385406494e-01 1.756115108728408813e-01
1.655314713716506958e-01 1.692758500576019287e-01 1.606101840734481812e-01 1.693600267171859741e-01 1.611732095479965210e-01 1.740493327379226685e-01
1.659539043903350830e-01 1.700208485126495361e-01 1.606928408145904541e-01 1.686761379241943359e-01 1.605893671512603760e-01 1.740669161081314087e-01
1.661004275083541870e-01 1.688688248395919800e-01 1.598802953958511353e-01 1.692781895399093628e-01 1.623898297548294067e-01 1.734824329614639282e-01
1.660890132188796997e-01 1.685352772474288940e-01 1.607733368873596191e-01 1.695251166820526123e-01 1.628969013690948486e-01 1.721803694963455200e-01
1.658613830804824829e-01 1.684469282627105713e-01 1.615388840436935425e-01 1.695065945386886597e-01 1.631686240434646606e-01 1.714776158332824707e-01
1.661804765462875366e-01 1.679668128490447998e-01 1.615977287292480469e-01 1.684857010841369629e-01 1.637300103902816772e-01 1.720393449068069458e-01
1.675828248262405396e-01 1.652441322803497314e-01 1.612194329500198364e-01 1.660522371530532837e-01 1.650383770465850830e-01 1.748629957437515259e-01
1.664558351039886475e-01 1.668902933597564697e-01 1.609178483486175537e-01 1.667989939451217651e-01 1.636419296264648438e-01 1.752950549125671387e-01
1.652760356664657593e-01 1.667067557573318481e-01 1.608900278806686401e-01 1.662941575050354004e-01 1.643251925706863403e-01 1.765078902244567871e-01
1.652433127164840698e-01 1.673421710729598999e-01 1.617154479026794434e-01 1.658440083265304565e-01 1.644687652587890625e-01 1.753863096237182617e-01
1.658673584461212158e-01 1.663787811994552612e-01 1.622831821441650391e-01 1.653065383434295654e-01 1.648679524660110474e-01 1.752961724996566772e-01
1.657678335905075073e-01 1.665741354227066040e-01 1.591684371232986450e-01 1.658470630645751953e-01 1.647951155900955200e-01 1.778474301099777222e-01
1.652548313140869141e-01 1.682419776916503906e-01 1.609687209129333496e-01 1.644904166460037231e-01 1.651713103055953979e-01 1.758727729320526123e-01
1.657767295837402344e-01 1.689561903476715088e-01 1.610625982284545898e-01 1.655346453189849854e-01 1.637780964374542236e-01 1.748917251825332642e-01
1.659391522407531738e-01 1.688005030155181885e-01 1.613181680440902710e-01 1.660564243793487549e-01 1.634812057018280029e-01 1.744045317173004150e-01
1.659270077943801880e-01 1.678664535284042358e-01 1.615241020917892456e-01 1.665287315845489502e-01 1.643502563238143921e-01 1.738034337759017944e-01
1.658947765827178955e-01 1.674377024173736572e-01 1.624056398868560791e-01 1.672176420688629150e-01 1.647273600101470947e-01 1.723169088363647461e-01
1.667081713676452637e-01 1.675937324762344360e-01 1.627904325723648071e-01 1.665442436933517456e-01 1.638895124197006226e-01 1.724739372730255127e-01
1.673097908496856689e-01 1.690675914287567139e-01 1.638896614313125610e-01 1.654438525438308716e-01 1.627333611249923706e-01 1.715557277202606201e-01
1.663344949483871460e-01 1.676888316869735718e-01 1.627778708934783936e-01 1.663237661123275757e-01 1.640100181102752686e-01 1.728649884462356567e-01
1.671216040849685669e-01 1.683871895074844360e-01 1.626267135143280029e-01 1.654647439718246460e-01 1.642471998929977417e-01 1.721525192260742188e-01
1.656303703784942627e-01 1.679010540246963501e-01 1.630429625511169434e-01 1.665942519903182983e-01 1.650468707084655762e-01 1.717845499515533447e-01
1.654548645019531250e-01 1.683883965015411377e-01 1.627450585365295410e-01 1.671528816223144531e-01 1.649219989776611328e-01 1.713367700576782227e-01
1.669202893972396851e-01 1.668118387460708618e-01 1.585174649953842163e-01 1.667349636554718018e-01 1.636434346437454224e-01 1.773720085620880127e-01
1.663161218166351318e-01 1.705796271562576294e-01 1.610742360353469849e-01 1.657487154006958008e-01 1.593358367681503296e-01 1.769454032182693481e-01
1.663546413183212280e-01 1.698747426271438599e-01 1.618559956550598145e-01 1.660258769989013672e-01 1.587899327278137207e-01 1.770987808704376221e-01
1.665870994329452515e-01 1.695936024188995361e-01 1.619499325752258301e-01 1.661064773797988892e-01 1.593729406595230103e-01 1.763899922370910645e-01
1.673918217420578003e-01 1.693879812955856323e-01 1.624475419521331787e-01 1.651049703359603882e-01 1.592794358730316162e-01 1.763882189989089966e-01
1.685835868120193481e-01 1.700453162193298340e-01 1.622231602668762207e-01 1.628734320402145386e-01 1.586943864822387695e-01 1.775800883769989014e-01
1.688068658113479614e-01 1.693717986345291138e-01 1.621657162904739380e-01 1.633455604314804077e-01 1.594976186752319336e-01 1.768124848604202271e-01
1.686340719461441040e-01 1.684996634721755981e-01 1.624784469604492188e-01 1.642087996006011963e-01 1.611388772726058960e-01 1.750401854515075684e-01
1.676186174154281616e-01 1.678817570209503174e-01 1.634253710508346558e-01 1.648513674736022949e-01 1.620407551527023315e-01 1.741821169853210449e-01
1.679621338844299316e-01 1.680415272712707520e-01 1.625331193208694458e-01 1.651158481836318970e-01 1.632147282361984253e-01 1.731326729059219360e-01
1.679244637489318848e-01 1.679032444953918457e-01 1.624889820814132690e-01 1.660509258508682251e-01 1.629752665758132935e-01 1.726571023464202881e-01
1.677342802286148071e-01 1.682249456644058228e-01 1.629300862550735474e-01 1.654342561960220337e-01 1.625779122114181519e-01 1.730985194444656372e-01
1.663942933082580566e-01 1.689006388187408447e-01 1.632558107376098633e-01 1.666128635406494141e-01 1.631651371717453003e-01 1.716712713241577148e-01
1.662661433219909668e-01 1.679845750331878662e-01 1.631172597408294678e-01 1.668115109205245972e-01 1.644448190927505493e-01 1.713756918907165527e-01
1.657585054636001587e-01 1.685954928398132324e-01 1.635224372148513794e-01 1.668226867914199829e-01 1.640411913394927979e-01 1.712597459554672241e-01
1.631849259138107300e-01 1.726761311292648315e-01 1.627784073352813721e-01 1.659547686576843262e-01 1.610470116138458252e-01 1.743588000535964966e-01
1.643165349960327148e-01 1.719050407409667969e-01 1.624198257923126221e-01 1.654252260923385620e-01 1.613269597291946411e-01 1.746064573526382446e-01
1.635209321975708008e-01 1.724074184894561768e-01 1.629943549633026123e-01 1.662671267986297607e-01 1.607669293880462646e-01 1.740432828664779663e-01
1.654044836759567261e-01 1.701373159885406494e-01 1.618456691503524780e-01 1.658491790294647217e-01 1.611321717500686646e-01 1.756312251091003418e-01
1.654475033283233643e-01 1.697144210338592529e-01 1.617695689201354980e-01 1.657269597053527832e-01 1.618655025959014893e-01 1.754760295152664185e-01
1.653312444686889648e-01 1.695924252271652222e-01 1.617585420608520508e-01 1.654555350542068481e-01 1.624343246221542358e-01 1.754279285669326782e-01
1.656430810689926147e-01 1.698133796453475952e-01 1.626365482807159424e-01 1.657218784093856812e-01 1.623371243476867676e-01 1.738479435443878174e-01
1.659230291843414307e-01 1.691839993000030518e-01 1.630878746509552002e-01 1.653454601764678955e-01 1.622239500284194946e-01 1.742356717586517334e-01
1.667898893356323242e-01 1.686597317457199097e-01 1.639141589403152466e-01 1.650738120079040527e-01 1.623293608427047729e-01 1.732330769300460815e-01
1.674274653196334839e-01 1.676460951566696167e-01 1.636783778667449951e-01 1.660980284214019775e-01 1.621761173009872437e-01 1.729739457368850708e-01
1.675170511007308960e-01 1.676943451166152954e-01 1.640286147594451904e-01 1.655529439449310303e-01 1.619410514831542969e-01 1.732659339904785156e-01
1.675014495849609375e-01 1.676357537508010864e-01 1.640118658542633057e-01 1.654889881610870361e-01 1.619916558265686035e-01 1.733703613281250000e-01
1.664170473814010620e-01 1.684141606092453003e-01 1.627661436796188354e-01 1.660673916339874268e-01 1.637546867132186890e-01 1.725805550813674927e-01
1.656769663095474243e-01 1.687892675399780273e-01 1.622835099697113037e-01 1.672835797071456909e-01 1.636702269315719604e-01 1.722964793443679810e-01
1.656406670808792114e-01 1.689054816961288452e-01 1.623294949531555176e-01 1.672413796186447144e-01 1.636252850294113159e-01 1.722577065229415894e-01
1.658609956502914429e-01 1.689189225435256958e-01 1.629185378551483154e-01 1.668115407228469849e-01 1.631760597229003906e-01 1.723139435052871704e-01
1.663289666175842285e-01 1.686008572578430176e-01 1.630332767963409424e-01 1.663721054792404175e-01 1.631905436515808105e-01 1.724742203950881958e-01
1.663930863142013550e-01 1.685782819986343384e-01 1.631020605564117432e-01 1.662016659975051880e-01 1.631794869899749756e-01 1.725454181432723999e-01
1.660890877246856689e-01 1.687939465045928955e-01 1.630537211894989014e-01 1.664330810308456421e-01 1.631354242563247681e-01 1.724947690963745117e-01
1.665967702865600586e-01 1.685239821672439575e-01 1.632778793573379517e-01 1.657914817333221436e-01 1.630536913871765137e-01 1.727562248706817627e-01
1.664953678846359253e-01 1.681245267391204834e-01 1.630522459745407104e-01 1.665702313184738159e-01 1.634940654039382935e-01 1.722635626792907715e-01
1.666260510683059692e-01 1.681124567985534668e-01 1.630866825580596924e-01 1.663189083337783813e-01 1.635937243700027466e-01 1.722621172666549683e-01
1.668193489313125610e-01 1.688796430826187134e-01 1.627465635538101196e-01 1.662852168083190918e-01 1.627897918224334717e-01 1.724794059991836548e-01
1.671460866928100586e-01 1.715449690818786621e-01 1.658806204795837402e-01 1.628673821687698364e-01 1.546637713909149170e-01 1.778971254825592041e-01
1.669381856918334961e-01 1.714073717594146729e-01 1.644812226295471191e-01 1.634003669023513794e-01 1.554935127496719360e-01 1.782793551683425903e-01
1.665142625570297241e-01 1.706488579511642456e-01 1.649647057056427002e-01 1.638448238372802734e-01 1.569389849901199341e-01 1.770882755517959595e-01
1.668513268232345581e-01 1.696075946092605591e-01 1.650712639093399048e-01 1.655984520912170410e-01 1.566419899463653564e-01 1.762293130159378052e-01
1.665979623794555664e-01 1.698459237813949585e-01 1.646326482295989990e-01 1.658277660608291626e-01 1.574628353118896484e-01 1.756328344345092773e-01
1.670089513063430786e-01 1.692950725555419922e-01 1.644024550914764404e-01 1.660517156124114990e-01 1.583564728498458862e-01 1.748852580785751343e-01
1.670695394277572632e-01 1.692583858966827393e-01 1.639639288187026978e-01 1.658092588186264038e-01 1.590324491262435913e-01 1.748664826154708862e-01
1.668808460235595703e-01 1.689917147159576416e-01 1.633491963148117065e-01 1.657850295305252075e-01 1.601579040288925171e-01 1.748353391885757446e-01
1.668891012668609619e-01 1.684590280055999756e-01 1.630693376064300537e-01 1.658949851989746094e-01 1.615726351737976074e-01 1.741148978471755981e-01
1.677129715681076050e-01 1.671304553747177124e-01 1.622651368379592896e-01 1.651266813278198242e-01 1.633839756250381470e-01 1.743808090686798096e-01
1.674379259347915649e-01 1.673749834299087524e-01 1.622663885354995728e-01 1.656034141778945923e-01 1.635061353445053101e-01 1.738111525774002075e-01
1.674672961235046387e-01 1.673089414834976196e-01 1.622109711170196533e-01 1.657662242650985718e-01 1.632632315158843994e-01 1.739833354949951172e-01
1.668916493654251099e-01 1.683635711669921875e-01 1.627755314111709595e-01 1.661305725574493408e-01 1.635733246803283691e-01 1.722653657197952271e-01
1.668916493654251099e-01 1.683635711669921875e-01 1.627755314111709595e-01 1.661305725574493408e-01 1.635733246803283691e-01 1.722653657197952271e-01
1.668916493654251099e-01 1.683635711669921875e-01 1.627755314111709595e-01 1.661305725574493408e-01 1.635733246803283691e-01 1.722653657197952271e-01
1.664966791868209839e-01 1.685387343168258667e-01 1.634410917758941650e-01 1.657997369766235352e-01 1.633763015270233154e-01 1.723475307226181030e-01
1.659313440322875977e-01 1.688132137060165405e-01 1.627965271472930908e-01 1.669118106365203857e-01 1.633497476577758789e-01 1.721973568201065063e-01
1.657402068376541138e-01 1.689071655273437500e-01 1.629084050655364990e-01 1.669531613588333130e-01 1.632263809442520142e-01 1.722646802663803101e-01
1.655129641294479370e-01 1.679760515689849854e-01 1.632820665836334229e-01 1.664923578500747681e-01 1.634777486324310303e-01 1.732588112354278564e-01
1.654494255781173706e-01 1.680122017860412598e-01 1.632842272520065308e-01 1.665200889110565186e-01 1.635692864656448364e-01 1.731647402048110962e-01
1.654059588909149170e-01 1.679957658052444458e-01 1.629393547773361206e-01 1.666884869337081909e-01 1.636981964111328125e-01 1.732722967863082886e-01
1.655853986740112305e-01 1.678629666566848755e-01 1.631379574537277222e-01 1.663931310176849365e-01 1.640724986791610718e-01 1.729480028152465820e-01
1.657769978046417236e-01 1.686013936996459961e-01 1.630466431379318237e-01 1.663458347320556641e-01 1.635424494743347168e-01 1.726866811513900757e-01
1.660594791173934937e-01 1.683430373668670654e-01 1.629447340965270996e-01 1.663043051958084106e-01 1.637666970491409302e-01 1.725817769765853882e-01
1.664544939994812012e-01 1.684288680553436279e-01 1.630905419588088989e-01 1.658842414617538452e-01 1.633446812629699707e-01 1.727971583604812622e-01
1.676566749811172485e-01 1.684175878763198853e-01 1.628477871417999268e-01 1.661400198936462402e-01 1.629688143730163574e-01 1.719691306352615356e-01
1.676566749811172485e-01 1.684175878763198853e-01 1.628477871417999268e-01 1.661400198936462402e-01 1.629688143730163574e-01 1.719691306352615356e-01
1.676566749811172485e-01 1.684175878763198853e-01 1.628477871417999268e-01 1.661400198936462402e-01 1.629688143730163574e-01 1.719691306352615356e-01
1.668210029602050781e-01 1.689756959676742554e-01 1.628563851118087769e-01 1.659411936998367310e-01 1.628971397876739502e-01 1.725086271762847900e-01
1.667019128799438477e-01 1.681363284587860107e-01 1.631542742252349854e-01 1.662336289882659912e-01 1.636080145835876465e-01 1.721658855676651001e-01
1.668766438961029053e-01 1.684337705373764038e-01 1.634368896484375000e-01 1.654063165187835693e-01 1.632768958806991577e-01 1.725695431232452393e-01
1.663547754287719727e-01 1.685702800750732422e-01 1.635065972805023193e-01 1.657180637121200562e-01 1.633655428886413574e-01 1.724847555160522461e-01
1.668766438961029053e-01 1.684337705373764038e-01 1.634368896484375000e-01 1.654063165187835693e-01 1.632768958806991577e-01 1.725695431232452393e-01
1.667961925268173218e-01 1.691613048315048218e-01 1.623552739620208740e-01 1.658459752798080444e-01 1.610886156558990479e-01 1.747526526451110840e-01
1.662570983171463013e-01 1.704158484935760498e-01 1.620918959379196167e-01 1.662271022796630859e-01 1.610348075628280640e-01 1.739732027053833008e-01
1.655782163143157959e-01 1.732681095600128174e-01 1.637697368860244751e-01 1.636965721845626831e-01 1.554180383682250977e-01 1.782693564891815186e-01
1.654366701841354370e-01 1.731005162000656128e-01 1.639918535947799683e-01 1.642421483993530273e-01 1.557041108608245850e-01 1.775246858596801758e-01
1.657214611768722534e-01 1.725400835275650024e-01 1.633966863155364990e-01 1.651380062103271484e-01 1.558097898960113525e-01 1.773939579725265503e-01
1.657613068819046021e-01 1.721731126308441162e-01 1.636633723974227905e-01 1.652322411537170410e-01 1.565813422203063965e-01 1.765885651111602783e-01
1.657115817070007324e-01 1.713644862174987793e-01 1.639282256364822388e-01 1.654410362243652344e-01 1.578392088413238525e-01 1.757154464721679688e-01
1.659373641014099121e-01 1.704591065645217896e-01 1.640117913484573364e-01 1.657518297433853149e-01 1.591055542230606079e-01 1.747342944145202637e-01
1.654509007930755615e-01 1.698055565357208252e-01 1.643656343221664429e-01 1.665764749050140381e-01 1.597933769226074219e-01 1.740080267190933228e-01
1.668901443481445312e-01 1.681634485721588135e-01 1.625958681106567383e-01 1.662083268165588379e-01 1.630275845527648926e-01 1.731146275997161865e-01
1.668901443481445312e-01 1.681634485721588135e-01 1.625958681106567383e-01 1.662083268165588379e-01 1.630275845527648926e-01 1.731146275997161865e-01
1.668901443481445312e-01 1.681634485721588135e-01 1.625958681106567383e-01 1.662083268165588379e-01 1.630275845527648926e-01 1.731146275997161865e-01
1.663202494382858276e-01 1.685413271188735962e-01 1.631621718406677246e-01 1.659472584724426270e-01 1.637389659881591797e-01 1.722900718450546265e-01
1.665367633104324341e-01 1.682182848453521729e-01 1.629844456911087036e-01 1.665319949388504028e-01 1.636982858180999756e-01 1.720302700996398926e-01
1.662610620260238647e-01 1.683128327131271362e-01 1.630658954381942749e-01 1.666881442070007324e-01 1.637788861989974976e-01 1.718932241201400757e-01
1.660278290510177612e-01 1.683160811662673950e-01 1.631444245576858521e-01 1.668253540992736816e-01 1.638843417167663574e-01 1.718019247055053711e-01
1.657856702804565430e-01 1.684878319501876831e-01 1.631163060665130615e-01 1.673578321933746338e-01 1.637475192546844482e-01 1.715048551559448242e-01
1.658971458673477173e-01 1.681949794292449951e-01 1.634132266044616699e-01 1.671470254659652710e-01 1.639806032180786133e-01 1.713670194149017334e-01
1.658257693052291870e-01 1.683313846588134766e-01 1.634626239538192749e-01 1.671147048473358154e-01 1.638906896114349365e-01 1.713747829198837280e-01
1.659380048513412476e-01 1.683709472417831421e-01 1.633942574262619019e-01 1.668317615985870361e-01 1.635652184486389160e-01 1.718998253345489502e-01
1.661238819360733032e-01 1.684203147888183594e-01 1.633290797472000122e-01 1.663114577531814575e-01 1.632402390241622925e-01 1.725750416517257690e-01
1.663079410791397095e-01 1.684929132461547852e-01 1.635059416294097900e-01 1.660293489694595337e-01 1.631169021129608154e-01 1.725469678640365601e-01
1.669674068689346313e-01 1.678968667984008789e-01 1.626691073179244995e-01 1.656762510538101196e-01 1.628882735967636108e-01 1.739021092653274536e-01
1.660490036010742188e-01 1.678454130887985229e-01 1.626020073890686035e-01 1.664046794176101685e-01 1.630034595727920532e-01 1.740954369306564331e-01
1.661576330661773682e-01 1.681027859449386597e-01 1.624747663736343384e-01 1.662435084581375122e-01 1.628334373235702515e-01 1.741878837347030640e-01
1.656868904829025269e-01 1.690943241119384766e-01 1.634088456630706787e-01 1.660766005516052246e-01 1.628302931785583496e-01 1.729030013084411621e-01
1.658678799867630005e-01 1.691025197505950928e-01 1.635781824588775635e-01 1.657111048698425293e-01 1.628892421722412109e-01 1.728510707616806030e-01
1.660149842500686646e-01 1.695469766855239868e-01 1.639966368675231934e-01 1.648929268121719360e-01 1.619854718446731567e-01 1.735630333423614502e-01
1.661213040351867676e-01 1.693844497203826904e-01 1.638856381177902222e-01 1.650161594152450562e-01 1.622801721096038818e-01 1.733122766017913818e-01
1.662709712982177734e-01 1.690348386764526367e-01 1.637461185455322266e-01 1.650258898735046387e-01 1.627097129821777344e-01 1.732125282287597656e-01
1.665303260087966919e-01 1.689216941595077515e-01 1.633702069520950317e-01 1.650332361459732056e-01 1.627378314733505249e-01 1.734067201614379883e-01
1.664897352457046509e-01 1.687505692243576050e-01 1.636469811201095581e-01 1.653463989496231079e-01 1.628741919994354248e-01 1.728921681642532349e-01
1.667841076850891113e-01 1.683456301689147949e-01 1.632310152053833008e-01 1.656353324651718140e-01 1.630153059959411621e-01 1.729885786771774292e-01
1.667368412017822266e-01 1.682809591293334961e-01 1.630166023969650269e-01 1.657485961914062500e-01 1.632777154445648193e-01 1.729393154382705688e-01
1.667471528053283691e-01 1.682185679674148560e-01 1.630255281925201416e-01 1.658197790384292603e-01 1.632748991250991821e-01 1.729140281677246094e-01
1.665871739387512207e-01 1.683353632688522339e-01 1.633555144071578979e-01 1.658331900835037231e-01 1.633384525775909424e-01 1.725503653287887573e-01
1.662372052669525146e-01 1.685033142566680908e-01 1.635730266571044922e-01 1.658849120140075684e-01 1.627447456121444702e-01 1.730568259954452515e-01
1.661361008882522583e-01 1.686725020408630371e-01 1.636793315410614014e-01 1.657766848802566528e-01 1.625453680753707886e-01 1.731899827718734741e-01
1.662372052669525146e-01 1.685033142566680908e-01 1.635730266571044922e-01 1.658849120140075684e-01 1.627447456121444702e-01 1.730568259954452515e-01
1.633012145757675171e-01 1.724722236394882202e-01 1.622256934642791748e-01 1.655564308166503906e-01 1.618722081184387207e-01 1.745722591876983643e-01
1.641357690095901489e-01 1.715142279863357544e-01 1.617358773946762085e-01 1.660205870866775513e-01 1.620518416166305542e-01 1.745417267084121704e-01
1.615416556596755981e-01 1.753261089324951172e-01 1.607004702091217041e-01 1.664715111255645752e-01 1.613421589136123657e-01 1.746181547641754150e-01
1.626057475805282593e-01 1.738723516464233398e-01 1.613035947084426880e-01 1.663829982280731201e-01 1.616655290126800537e-01 1.741697341203689575e-01
1.636273413896560669e-01 1.729057282209396362e-01 1.614507287740707397e-01 1.660826951265335083e-01 1.617927998304367065e-01 1.741407215595245361e-01
1.641052365303039551e-01 1.724696308374404907e-01 1.618450731039047241e-01 1.658162474632263184e-01 1.616720855236053467e-01 1.740917414426803589e-01
1.648218184709548950e-01 1.712967902421951294e-01 1.619819104671478271e-01 1.659356057643890381e-01 1.620737761259078979e-01 1.738900840282440186e-01
1.652073562145233154e-01 1.707876175642013550e-01 1.622621417045593262e-01 1.660600900650024414e-01 1.617938578128814697e-01 1.738889515399932861e-01
1.656848788261413574e-01 1.696967482566833496e-01 1.628375053405761719e-01 1.661430150270462036e-01 1.621308326721191406e-01 1.735070496797561646e-01
1.671579927206039429e-01 1.676663160324096680e-01 1.639920920133590698e-01 1.654212176799774170e-01 1.622688174247741699e-01 1.734935492277145386e-01
1.671579927206039429e-01 1.676663160324096680e-01 1.639920920133590698e-01 1.654212176799774170e-01 1.622688174247741699e-01 1.734935492277145386e-01
1.671579927206039429e-01 1.676663160324096680e-01 1.639920920133590698e-01 1.654212176799774170e-01 1.622688174247741699e-01 1.734935492277145386e-01
1.664952933788299561e-01 1.684582084417343140e-01 1.634773761034011841e-01 1.657335311174392700e-01 1.632638871669769287e-01 1.725716739892959595e-01
1.664952933788299561e-01 1.684582084417343140e-01 1.634773761034011841e-01 1.657335311174392700e-01 1.632638871669769287e-01 1.725716739892959595e-01
1.664593964815139771e-01 1.685717403888702393e-01 1.634063422679901123e-01 1.658490598201751709e-01 1.630534678697586060e-01 1.726599782705307007e-01
1.662825495004653931e-01 1.685277372598648071e-01 1.637663394212722778e-01 1.659163236618041992e-01 1.626938879489898682e-01 1.728131175041198730e-01
1.658589392900466919e-01 1.688493341207504272e-01 1.635400056838989258e-01 1.662470847368240356e-01 1.627560108900070190e-01 1.727486550807952881e-01
1.658118218183517456e-01 1.688334047794342041e-01 1.634756326675415039e-01 1.662528663873672485e-01 1.628768891096115112e-01 1.727494001388549805e-01
1.660943627357482910e-01 1.693625152111053467e-01 1.630082428455352783e-01 1.662421375513076782e-01 1.620540171861648560e-01 1.732387244701385498e-01
1.660845875740051270e-01 1.693039685487747192e-01 1.629418581724166870e-01 1.663081794977188110e-01 1.622362285852432251e-01 1.731251627206802368e-01
1.658839285373687744e-01 1.688822954893112183e-01 1.633087545633316040e-01 1.660722047090530396e-01 1.632133424282073975e-01 1.726394891738891602e-01
1.665269583463668823e-01 1.685276031494140625e-01 1.628416329622268677e-01 1.662785410881042480e-01 1.635685116052627563e-01 1.722568124532699585e-01
1.664289832115173340e-01 1.684885770082473755e-01 1.631750762462615967e-01 1.658975332975387573e-01 1.634163707494735718e-01 1.725934445858001709e-01
1.665924936532974243e-01 1.685444563627243042e-01 1.629929840564727783e-01 1.661193817853927612e-01 1.634973734617233276e-01 1.722532808780670166e-01
1.665732562541961670e-01 1.683734655380249023e-01 1.626249104738235474e-01 1.662037670612335205e-01 1.636151969432830811e-01 1.726093292236328125e-01
1.663829386234283447e-01 1.683026701211929321e-01 1.627288907766342163e-01 1.670700609683990479e-01 1.637893021106719971e-01 1.717261224985122681e-01
1.664566397666931152e-01 1.679782122373580933e-01 1.626866459846496582e-01 1.677347570657730103e-01 1.644522696733474731e-01 1.706914603710174561e-01
1.667177379131317139e-01 1.683644950389862061e-01 1.629996001720428467e-01 1.667515486478805542e-01 1.636597216129302979e-01 1.715069562196731567e-01
1.659887582063674927e-01 1.679333746433258057e-01 1.633213609457015991e-01 1.674121767282485962e-01 1.643309891223907471e-01 1.710133105516433716e-01
1.660571843385696411e-01 1.678223609924316406e-01 1.633823513984680176e-01 1.672363728284835815e-01 1.642879694700241089e-01 1.712137460708618164e-01
1.660601645708084106e-01 1.685026437044143677e-01 1.633374840021133423e-01 1.668658107519149780e-01 1.636925786733627319e-01 1.715413480997085571e-01
1.657476425170898438e-01 1.684444397687911987e-01 1.635363996028900146e-01 1.669122725725173950e-01 1.635566055774688721e-01 1.718026846647262573e-01
1.663559526205062866e-01 1.684755682945251465e-01 1.633843481540679932e-01 1.661678701639175415e-01 1.632697135210037231e-01 1.723465472459793091e-01
1.662544012069702148e-01 1.685252487659454346e-01 1.635217517614364624e-01 1.661030948162078857e-01 1.630484014749526978e-01 1.725470721721649170e-01
1.671292185783386230e-01 1.676676124334335327e-01 1.625051200389862061e-01 1.657739579677581787e-01 1.631379723548889160e-01 1.737860739231109619e-01
1.671292185783386230e-01 1.676676124334335327e-01 1.625051200389862061e-01 1.657739579677581787e-01 1.631379723548889160e-01 1.737860739231109619e-01
1.671292185783386230e-01 1.676676124334335327e-01 1.625051200389862061e-01 1.657739579677581787e-01 1.631379723548889160e-01 1.737860739231109619e-01
1.667961925268173218e-01 1.691613048315048218e-01 1.623552739620208740e-01 1.658459752798080444e-01 1.610886156558990479e-01 1.747526526451110840e-01
1.668153256177902222e-01 1.692589968442916870e-01 1.621380299329757690e-01 1.658667773008346558e-01 1.612492352724075317e-01 1.746716201305389404e-01
1.668882220983505249e-01 1.692253500223159790e-01 1.623523235321044922e-01 1.658532619476318359e-01 1.614289283752441406e-01 1.742518693208694458e-01
1.670675128698348999e-01 1.685518622398376465e-01 1.621080785989761353e-01 1.657283306121826172e-01 1.621580123901367188e-01 1.743862479925155640e-01
1.678438484668731689e-01 1.680551767349243164e-01 1.606050580739974976e-01 1.662826985120773315e-01 1.635912805795669556e-01 1.736219972372055054e-01
1.674522310495376587e-01 1.683415025472640991e-01 1.608644276857376099e-01 1.665137559175491333e-01 1.640250980854034424e-01 1.728029996156692505e-01
1.675187200307846069e-01 1.682621389627456665e-01 1.608148068189620972e-01 1.663641780614852905e-01 1.642720103263854980e-01 1.727680563926696777e-01
1.672165989875793457e-01 1.683606356382369995e-01 1.613061875104904175e-01 1.665067821741104126e-01 1.645710021257400513e-01 1.720388084650039673e-01
1.674384027719497681e-01 1.689946353435516357e-01 1.622453778982162476e-01 1.657390147447586060e-01 1.635080873966217041e-01 1.720744669437408447e-01
1.669124662876129150e-01 1.686534434556961060e-01 1.626098901033401489e-01 1.659853905439376831e-01 1.632404029369354248e-01 1.725983917713165283e-01
1.669124662876129150e-01 1.686534434556961060e-01 1.626098901033401489e-01 1.659853905439376831e-01 1.632404029369354248e-01 1.725983917713165283e-01
1.669124662876129150e-01 1.686534434556961060e-01 1.626098901033401489e-01 1.659853905439376831e-01 1.632404029369354248e-01 1.725983917713165283e-01
1.668210029602050781e-01 1.689756959676742554e-01 1.628563851118087769e-01 1.659411936998367310e-01 1.628971397876739502e-01 1.725086271762847900e-01
1.664914786815643311e-01 1.686724722385406494e-01 1.629604846239089966e-01 1.663927733898162842e-01 1.635170131921768188e-01 1.719657927751541138e-01
1.668210029602050781e-01 1.689756959676742554e-01 1.628563851118087769e-01 1.659411936998367310e-01 1.628971397876739502e-01 1.725086271762847900e-01
1.668210029602050781e-01 1.689756959676742554e-01 1.628563851118087769e-01 1.659411936998367310e-01 1.628971397876739502e-01 1.725086271762847900e-01
1.667019128799438477e-01 1.681363284587860107e-01 1.631542742252349854e-01 1.662336289882659912e-01 1.636080145835876465e-01 1.721658855676651001e-01
1.667019128799438477e-01 1.681363284587860107e-01 1.631542742252349854e-01 1.662336289882659912e-01 1.636080145835876465e-01 1.721658855676651001e-01
1.668766438961029053e-01 1.684337705373764038e-01 1.634368896484375000e-01 1.654063165187835693e-01 1.632768958806991577e-01 1.725695431232452393e-01
1.663547754287719727e-01 1.685702800750732422e-01 1.635065972805023193e-01 1.657180637121200562e-01 1.633655428886413574e-01 1.724847555160522461e-01
1.664156913757324219e-01 1.688504368066787720e-01 1.633906066417694092e-01 1.655435264110565186e-01 1.632326990365982056e-01 1.725670695304870605e-01
1.654685586690902710e-01 1.710764467716217041e-01 1.610696017742156982e-01 1.664476990699768066e-01 1.611983180046081543e-01 1.747393757104873657e-01
1.656607985496520996e-01 1.704420000314712524e-01 1.613081395626068115e-01 1.663888245820999146e-01 1.622495800256729126e-01 1.739506870508193970e-01
1.657701879739761353e-01 1.700523644685745239e-01 1.614176779985427856e-01 1.665038019418716431e-01 1.624968647956848145e-01 1.737590879201889038e-01
1.671701669692993164e-01 1.701867431402206421e-01 1.608912497758865356e-01 1.658070683479309082e-01 1.630574762821197510e-01 1.728872954845428467e-01
1.671954989433288574e-01 1.701053678989410400e-01 1.611526757478713989e-01 1.659708619117736816e-01 1.630890816450119019e-01 1.724865287542343140e-01
1.674119681119918823e-01 1.697920113801956177e-01 1.612162590026855469e-01 1.659974306821823120e-01 1.628574281930923462e-01 1.727249175310134888e-01
1.673695594072341919e-01 1.696452051401138306e-01 1.614101082086563110e-01 1.661103367805480957e-01 1.632492691278457642e-01 1.722155660390853882e-01
1.672121286392211914e-01 1.691947132349014282e-01 1.613998413085937500e-01 1.664378494024276733e-01 1.640210300683975220e-01 1.717344224452972412e-01
1.673590987920761108e-01 1.686160266399383545e-01 1.620266884565353394e-01 1.660250425338745117e-01 1.638303399085998535e-01 1.721428036689758301e-01
1.672042012214660645e-01 1.681017726659774780e-01 1.618131846189498901e-01 1.657969057559967041e-01 1.636905670166015625e-01 1.733933538198471069e-01
1.666423678398132324e-01 1.689793467521667480e-01 1.627401858568191528e-01 1.660357862710952759e-01 1.612525433301925659e-01 1.743497550487518311e-01
1.665593832731246948e-01 1.689218878746032715e-01 1.626243442296981812e-01 1.662110984325408936e-01 1.615059226751327515e-01 1.741773635149002075e-01
1.658910959959030151e-01 1.686745733022689819e-01 1.631782203912734985e-01 1.664644628763198853e-01 1.628156304359436035e-01 1.729760318994522095e-01
1.658119708299636841e-01 1.686118990182876587e-01 1.628966182470321655e-01 1.666397303342819214e-01 1.631249040365219116e-01 1.729148179292678833e-01
1.663455069065093994e-01 1.702004075050354004e-01 1.622849404811859131e-01 1.658886969089508057e-01 1.609145551919937134e-01 1.743659228086471558e-01
1.659525334835052490e-01 1.710678488016128540e-01 1.618505865335464478e-01 1.663582175970077515e-01 1.605935543775558472e-01 1.741772145032882690e-01
1.660410314798355103e-01 1.705340594053268433e-01 1.617516428232192993e-01 1.664168983697891235e-01 1.610769778490066528e-01 1.741794049739837646e-01
1.662274897098541260e-01 1.700048446655273438e-01 1.617512106895446777e-01 1.664133369922637939e-01 1.615600734949111938e-01 1.740430146455764771e-01
1.666119992733001709e-01 1.701310724020004272e-01 1.625414490699768066e-01 1.658044159412384033e-01 1.617762148380279541e-01 1.731347888708114624e-01
1.666849255561828613e-01 1.697054803371429443e-01 1.627486944198608398e-01 1.662823706865310669e-01 1.624098122119903564e-01 1.721687167882919312e-01
1.666849255561828613e-01 1.697054803371429443e-01 1.627486944198608398e-01 1.662823706865310669e-01 1.624098122119903564e-01 1.721687167882919312e-01
1.666849255561828613e-01 1.697054803371429443e-01 1.627486944198608398e-01 1.662823706865310669e-01 1.624098122119903564e-01 1.721687167882919312e-01
1.668335199356079102e-01 1.689445674419403076e-01 1.626138240098953247e-01 1.660612970590591431e-01 1.630161404609680176e-01 1.725306957960128784e-01
1.668335199356079102e-01 1.689445674419403076e-01 1.626138240098953247e-01 1.660612970590591431e-01 1.630161404609680176e-01 1.725306957960128784e-01
1.668335199356079102e-01 1.689445674419403076e-01 1.626138240098953247e-01 1.660612970590591431e-01 1.630161404609680176e-01 1.725306957960128784e-01
1.667139381170272827e-01 1.683069616556167603e-01 1.629508286714553833e-01 1.664061546325683594e-01 1.637443304061889648e-01 1.718777716159820557e-01
1.658872961997985840e-01 1.699135750532150269e-01 1.655467897653579712e-01 1.651588380336761475e-01 1.618807315826416016e-01 1.716127544641494751e-01
1.658679544925689697e-01 1.692978143692016602e-01 1.656708270311355591e-01 1.654381453990936279e-01 1.623643040657043457e-01 1.713609397411346436e-01
1.657177805900573730e-01 1.691002547740936279e-01 1.655174046754837036e-01 1.655879467725753784e-01 1.627105921506881714e-01 1.713660061359405518e-01
1.657743006944656372e-01 1.691312193870544434e-01 1.654016673564910889e-01 1.656209528446197510e-01 1.624697297811508179e-01 1.716021001338958740e-01
1.660930812358856201e-01 1.698844283819198608e-01 1.651742607355117798e-01 1.650918126106262207e-01 1.628825664520263672e-01 1.708738058805465698e-01
1.659165173768997192e-01 1.695001423358917236e-01 1.644239574670791626e-01 1.654107123613357544e-01 1.633030325174331665e-01 1.714455783367156982e-01
1.661474555730819702e-01 1.688782572746276855e-01 1.637157499790191650e-01 1.658708602190017700e-01 1.634846925735473633e-01 1.719029694795608521e-01
1.661567538976669312e-01 1.682631671428680420e-01 1.629585772752761841e-01 1.666012555360794067e-01 1.629943251609802246e-01 1.730259060859680176e-01
1.656458377838134766e-01 1.686123460531234741e-01 1.626246720552444458e-01 1.669932752847671509e-01 1.630409657955169678e-01 1.730829030275344849e-01
1.670247167348861694e-01 1.688737869262695312e-01 1.619465053081512451e-01 1.656126528978347778e-01 1.619463115930557251e-01 1.745959818363189697e-01
1.674865931272506714e-01 1.683181375265121460e-01 1.623615026473999023e-01 1.649970859289169312e-01 1.619767695665359497e-01 1.748599708080291748e-01
1.670247167348861694e-01 1.688737869262695312e-01 1.619465053081512451e-01 1.656126528978347778e-01 1.619463115930557251e-01 1.745959818363189697e-01
1.665845066308975220e-01 1.690218746662139893e-01 1.628043502569198608e-01 1.657788753509521484e-01 1.620762944221496582e-01 1.737341284751892090e-01
1.671697944402694702e-01 1.686296463012695312e-01 1.631970107555389404e-01 1.650262922048568726e-01 1.618756949901580811e-01 1.741016060113906860e-01
1.671697944402694702e-01 1.686296463012695312e-01 1.631970107555389404e-01 1.650262922048568726e-01 1.618756949901580811e-01 1.741016060113906860e-01
1.665845066308975220e-01 1.690218746662139893e-01 1.628043502569198608e-01 1.657788753509521484e-01 1.620762944221496582e-01 1.737341284751892090e-01
1.665378808975219727e-01 1.686848104000091553e-01 1.631996333599090576e-01 1.655502021312713623e-01 1.628750860691070557e-01 1.731523871421813965e-01
1.636256128549575806e-01 1.720017790794372559e-01 1.623229384422302246e-01 1.662407815456390381e-01 1.615464836359024048e-01 1.742624044418334961e-01
1.642275452613830566e-01 1.716801077127456665e-01 1.628624945878982544e-01 1.659880280494689941e-01 1.615340560674667358e-01 1.737077832221984863e-01
1.644656658172607422e-01 1.712573766708374023e-01 1.629171222448348999e-01 1.661408990621566772e-01 1.616819649934768677e-01 1.735369861125946045e-01
1.617954969406127930e-01 1.732095330953598022e-01 1.611429750919342041e-01 1.669644564390182495e-01 1.624321192502975464e-01 1.744554340839385986e-01
1.626360416412353516e-01 1.723056137561798096e-01 1.613239943981170654e-01 1.668247729539871216e-01 1.624227017164230347e-01 1.744869053363800049e-01
1.633729934692382812e-01 1.716755926609039307e-01 1.613931357860565186e-01 1.665030419826507568e-01 1.625752151012420654e-01 1.744800060987472534e-01
1.641965806484222412e-01 1.708032339811325073e-01 1.615967005491256714e-01 1.665070056915283203e-01 1.626577526330947876e-01 1.742387264966964722e-01
1.650600135326385498e-01 1.701902896165847778e-01 1.618301868438720703e-01 1.662417501211166382e-01 1.625892966985702515e-01 1.740884780883789062e-01
1.659785509109497070e-01 1.692438423633575439e-01 1.622382551431655884e-01 1.661106646060943604e-01 1.624325215816497803e-01 1.739961653947830200e-01
1.670971065759658813e-01 1.675826609134674072e-01 1.635697036981582642e-01 1.656553298234939575e-01 1.626242548227310181e-01 1.734710335731506348e-01
1.670971065759658813e-01 1.675826609134674072e-01 1.635697036981582642e-01 1.656553298234939575e-01 1.626242548227310181e-01 1.734710335731506348e-01
1.670971065759658813e-01 1.675826609134674072e-01 1.635697036981582642e-01 1.656553298234939575e-01 1.626242548227310181e-01 1.734710335731506348e-01
1.667847037315368652e-01 1.683430373668670654e-01 1.630117893218994141e-01 1.657121032476425171e-01 1.632582247257232666e-01 1.728901863098144531e-01
1.666880398988723755e-01 1.685116440057754517e-01 1.629759222269058228e-01 1.658891588449478149e-01 1.630832999944686890e-01 1.728519499301910400e-01
1.662215590476989746e-01 1.686841547489166260e-01 1.633472293615341187e-01 1.659283488988876343e-01 1.628202795982360840e-01 1.729984134435653687e-01
1.659560054540634155e-01 1.688170433044433594e-01 1.631268113851547241e-01 1.662600934505462646e-01 1.627862751483917236e-01 1.730537265539169312e-01
1.660835593938827515e-01 1.688284426927566528e-01 1.631594896316528320e-01 1.661807298660278320e-01 1.629492342472076416e-01 1.727985143661499023e-01
1.661019176244735718e-01 1.686722785234451294e-01 1.631996482610702515e-01 1.659944057464599609e-01 1.633707582950592041e-01 1.726609319448471069e-01
1.660977452993392944e-01 1.687459647655487061e-01 1.629703342914581299e-01 1.660664081573486328e-01 1.631569117307662964e-01 1.729627251625061035e-01
1.656198352575302124e-01 1.694470345973968506e-01 1.625404357910156250e-01 1.664337515830993652e-01 1.626816391944885254e-01 1.732773333787918091e-01
1.655772328376770020e-01 1.694327145814895630e-01 1.624017804861068726e-01 1.665229797363281250e-01 1.628826707601547241e-01 1.731826215982437134e-01
1.656279414892196655e-01 1.693490892648696899e-01 1.624619215726852417e-01 1.665622889995574951e-01 1.629016846418380737e-01 1.730971187353134155e-01
1.655962616205215454e-01 1.692593693733215332e-01 1.623317301273345947e-01 1.663479357957839966e-01 1.630116105079650879e-01 1.734530776739120483e-01
1.665680855512619019e-01 1.686588674783706665e-01 1.614206135272979736e-01 1.664432436227798462e-01 1.630588173866271973e-01 1.738504171371459961e-01
1.666696518659591675e-01 1.687114983797073364e-01 1.615069657564163208e-01 1.662155240774154663e-01 1.630750745534896851e-01 1.738212257623672485e-01
1.668214648962020874e-01 1.687762588262557983e-01 1.617060899734497070e-01 1.659230291843414307e-01 1.628998517990112305e-01 1.738733649253845215e-01
1.667572855949401855e-01 1.683302670717239380e-01 1.626784801483154297e-01 1.653307676315307617e-01 1.634776443243026733e-01 1.734255552291870117e-01
1.665916442871093750e-01 1.682890206575393677e-01 1.628993898630142212e-01 1.653928756713867188e-01 1.633151918649673462e-01 1.735118925571441650e-01
1.663722246885299683e-01 1.679010093212127686e-01 1.626505404710769653e-01 1.657566577196121216e-01 1.641055196523666382e-01 1.732140779495239258e-01
1.663889884948730469e-01 1.679563224315643311e-01 1.627826094627380371e-01 1.658834666013717651e-01 1.643695533275604248e-01 1.726191043853759766e-01
1.663920134305953979e-01 1.685362607240676880e-01 1.624906212091445923e-01 1.659906655550003052e-01 1.637627631425857544e-01 1.728277206420898438e-01
1.665790826082229614e-01 1.684577018022537231e-01 1.629896312952041626e-01 1.657525449991226196e-01 1.637201458215713501e-01 1.725008934736251831e-01
1.664248406887054443e-01 1.685816198587417603e-01 1.632100790739059448e-01 1.657272726297378540e-01 1.631336510181427002e-01 1.729225516319274902e-01
1.664316952228546143e-01 1.685875058174133301e-01 1.632684171199798584e-01 1.657764613628387451e-01 1.630146503448486328e-01 1.729211956262588501e-01
1.664395928382873535e-01 1.686564683914184570e-01 1.632722169160842896e-01 1.657763570547103882e-01 1.628516465425491333e-01 1.730036884546279907e-01
1.664921641349792480e-01 1.684369593858718872e-01 1.625145226716995239e-01 1.660875082015991211e-01 1.638704836368560791e-01 1.725984215736389160e-01
1.663049161434173584e-01 1.687926799058914185e-01 1.628508865833282471e-01 1.660139411687850952e-01 1.631695777177810669e-01 1.728680282831192017e-01
1.662556678056716919e-01 1.691526919603347778e-01 1.626316010951995850e-01 1.659415215253829956e-01 1.630935370922088623e-01 1.729250252246856689e-01
1.664369702339172363e-01 1.689258068799972534e-01 1.627305597066879272e-01 1.661631464958190918e-01 1.628130078315734863e-01 1.729305535554885864e-01
1.666541546583175659e-01 1.685347408056259155e-01 1.629178225994110107e-01 1.660574525594711304e-01 1.635452508926391602e-01 1.722905784845352173e-01
1.664518862962722778e-01 1.687316745519638062e-01 1.632193475961685181e-01 1.657546609640121460e-01 1.627886146306991577e-01 1.730537563562393188e-01
1.664518862962722778e-01 1.687316745519638062e-01 1.632193475961685181e-01 1.657546609640121460e-01 1.627886146306991577e-01 1.730537563562393188e-01
1.653891056776046753e-01 1.694656014442443848e-01 1.628628969192504883e-01 1.661005914211273193e-01 1.634222120046615601e-01 1.727596372365951538e-01
1.653639227151870728e-01 1.695304661989212036e-01 1.621419787406921387e-01 1.659768372774124146e-01 1.632639169692993164e-01 1.737229228019714355e-01
1.659090518951416016e-01 1.694026589393615723e-01 1.619942635297775269e-01 1.661026328802108765e-01 1.630238741636276245e-01 1.735675781965255737e-01
1.661630123853683472e-01 1.691289246082305908e-01 1.620034575462341309e-01 1.660698801279067993e-01 1.630172729492187500e-01 1.736174821853637695e-01
1.642112135887145996e-01 1.694947481155395508e-01 1.618992835283279419e-01 1.679294556379318237e-01 1.632216274738311768e-01 1.732436716556549072e-01
1.640444844961166382e-01 1.683274507522583008e-01 1.619269102811813354e-01 1.683636456727981567e-01 1.643475890159606934e-01 1.729899793863296509e-01
1.640060245990753174e-01 1.681237518787384033e-01 1.622641682624816895e-01 1.682759821414947510e-01 1.645630002021789551e-01 1.727671176195144653e-01
1.650912910699844360e-01 1.677826493978500366e-01 1.624655574560165405e-01 1.674837917089462280e-01 1.642990261316299438e-01 1.728776842355728149e-01
1.661715209484100342e-01 1.683004200458526611e-01 1.626450568437576294e-01 1.664657741785049438e-01 1.629701554775238037e-01 1.734470427036285400e-01
1.653323024511337280e-01 1.699154376983642578e-01 1.621542870998382568e-01 1.670207381248474121e-01 1.636351644992828369e-01 1.719420105218887329e-01
1.647203117609024048e-01 1.679019182920455933e-01 1.591582000255584717e-01 1.646517962217330933e-01 1.615270078182220459e-01 1.820407658815383911e-01
1.655365377664566040e-01 1.666050255298614502e-01 1.592439860105514526e-01 1.634098142385482788e-01 1.613571643829345703e-01 1.838475018739700317e-01
1.655479371547698975e-01 1.675174385309219360e-01 1.598873585462570190e-01 1.632875353097915649e-01 1.639814674854278564e-01 1.797782480716705322e-01
1.661895811557769775e-01 1.695646196603775024e-01 1.608507484197616577e-01 1.625747531652450562e-01 1.611016392707824707e-01 1.797186583280563354e-01
1.666160821914672852e-01 1.682180315256118774e-01 1.599440723657608032e-01 1.644997000694274902e-01 1.636973321437835693e-01 1.770248413085937500e-01
1.633630692958831787e-01 1.656653732061386108e-01 1.520822793245315552e-01 1.708025485277175903e-01 1.644818484783172607e-01 1.836048364639282227e-01
1.640778481960296631e-01 1.651878654956817627e-01 1.543312072753906250e-01 1.705743819475173950e-01 1.639177203178405762e-01 1.819109469652175903e-01
1.645072996616363525e-01 1.661279797554016113e-01 1.577495485544204712e-01 1.707733124494552612e-01 1.616745144128799438e-01 1.791673749685287476e-01
1.658085584640502930e-01 1.660175621509552002e-01 1.575381755828857422e-01 1.694443970918655396e-01 1.624861508607864380e-01 1.787051111459732056e-01
1.690492182970046997e-01 1.629569828510284424e-01 1.591156274080276489e-01 1.665070205926895142e-01 1.655054837465286255e-01 1.768656373023986816e-01
1.671967059373855591e-01 1.628979295492172241e-01 1.603556275367736816e-01 1.666714847087860107e-01 1.655605584383010864e-01 1.773176342248916626e-01
1.670651882886886597e-01 1.642978489398956299e-01 1.603646129369735718e-01 1.660965532064437866e-01 1.648919433355331421e-01 1.772837936878204346e-01
1.673234105110168457e-01 1.675882190465927124e-01 1.622664481401443481e-01 1.652924418449401855e-01 1.627507954835891724e-01 1.747787147760391235e-01
1.695395112037658691e-01 1.724298298358917236e-01 1.543665975332260132e-01 1.641132086515426636e-01 1.560311764478683472e-01 1.835197359323501587e-01
1.685394644737243652e-01 1.723653823137283325e-01 1.538978368043899536e-01 1.659919321537017822e-01 1.547430157661437988e-01 1.844623386859893799e-01
1.681110262870788574e-01 1.717865020036697388e-01 1.550339460372924805e-01 1.663962453603744507e-01 1.558028459548950195e-01 1.828694194555282593e-01
1.683465987443923950e-01 1.706407070159912109e-01 1.574287861585617065e-01 1.654922962188720703e-01 1.565499305725097656e-01 1.815416365861892700e-01
1.669984161853790283e-01 1.717162728309631348e-01 1.591604202985763550e-01 1.664114743471145630e-01 1.579381078481674194e-01 1.777752786874771118e-01
1.665921360254287720e-01 1.697930693626403809e-01 1.608499586582183838e-01 1.662454903125762939e-01 1.602119654417037964e-01 1.763073205947875977e-01
1.662795692682266235e-01 1.700218021869659424e-01 1.621158570051193237e-01 1.656737327575683594e-01 1.608412414789199829e-01 1.750678271055221558e-01
1.669773608446121216e-01 1.684773415327072144e-01 1.626630425453186035e-01 1.659506261348724365e-01 1.617493182420730591e-01 1.741822808980941772e-01
1.660082936286926270e-01 1.685502827167510986e-01 1.636492758989334106e-01 1.659279316663742065e-01 1.622037738561630249e-01 1.736604124307632446e-01
1.660817712545394897e-01 1.674030125141143799e-01 1.596143692731857300e-01 1.657400131225585938e-01 1.647385060787200928e-01 1.764222979545593262e-01
1.660817712545394897e-01 1.674030125141143799e-01 1.596143692731857300e-01 1.657400131225585938e-01 1.647385060787200928e-01 1.764222979545593262e-01
1.695976108312606812e-01 1.704874038696289062e-01 1.534775942564010620e-01 1.559008955955505371e-01 1.516174972057342529e-01 1.989191025495529175e-01
1.701032221317291260e-01 1.699075251817703247e-01 1.556442528963088989e-01 1.565901190042495728e-01 1.521723121404647827e-01 1.955826282501220703e-01
1.702329814434051514e-01 1.696343421936035156e-01 1.571550816297531128e-01 1.574913710355758667e-01 1.528453975915908813e-01 1.926408559083938599e-01
1.702138483524322510e-01 1.693143844604492188e-01 1.586014777421951294e-01 1.584639251232147217e-01 1.536013334989547729e-01 1.898050159215927124e-01
1.684738397598266602e-01 1.706894189119338989e-01 1.593934446573257446e-01 1.607929915189743042e-01 1.558475196361541748e-01 1.848027855157852173e-01
1.683491170406341553e-01 1.701684147119522095e-01 1.595098376274108887e-01 1.612325608730316162e-01 1.572805643081665039e-01 1.834594458341598511e-01
1.680628806352615356e-01 1.692960262298583984e-01 1.608550250530242920e-01 1.623234450817108154e-01 1.595083475112915039e-01 1.799542903900146484e-01
1.678294986486434937e-01 1.690545976161956787e-01 1.620103865861892700e-01 1.638476550579071045e-01 1.594744771718978882e-01 1.777833253145217896e-01
1.675369441509246826e-01 1.733878105878829956e-01 1.536228656768798828e-01 1.645686924457550049e-01 1.569076776504516602e-01 1.839759647846221924e-01
1.660770028829574585e-01 1.734225749969482422e-01 1.554993987083435059e-01 1.653040200471878052e-01 1.578227579593658447e-01 1.818741858005523682e-01
1.657916307449340820e-01 1.725437045097351074e-01 1.564666032791137695e-01 1.659612357616424561e-01 1.588320285081863403e-01 1.804047822952270508e-01
1.659561991691589355e-01 1.716718971729278564e-01 1.574333012104034424e-01 1.655932366847991943e-01 1.601176261901855469e-01 1.792277395725250244e-01
1.670697629451751709e-01 1.689286381006240845e-01 1.604835391044616699e-01 1.650248169898986816e-01 1.596485227346420288e-01 1.788447648286819458e-01
1.670320183038711548e-01 1.680822819471359253e-01 1.622966676950454712e-01 1.657529771327972412e-01 1.607284098863601685e-01 1.761075705289840698e-01
1.670105010271072388e-01 1.683175861835479736e-01 1.616497188806533813e-01 1.642554253339767456e-01 1.612178981304168701e-01 1.775488853454589844e-01
1.675011217594146729e-01 1.691126823425292969e-01 1.616554409265518188e-01 1.637405753135681152e-01 1.616086959838867188e-01 1.763814985752105713e-01
1.673850417137145996e-01 1.684280186891555786e-01 1.633866578340530396e-01 1.630409657955169678e-01 1.611538231372833252e-01 1.766054779291152954e-01
1.675666272640228271e-01 1.677283495664596558e-01 1.610266268253326416e-01 1.637167036533355713e-01 1.627026498317718506e-01 1.772590428590774536e-01
1.673477143049240112e-01 1.676487177610397339e-01 1.611611396074295044e-01 1.639251857995986938e-01 1.629048287868499756e-01 1.770123690366744995e-01
1.672029644250869751e-01 1.679959893226623535e-01 1.611059308052062988e-01 1.638636440038681030e-01 1.624830663204193115e-01 1.773484051227569580e-01
1.675190180540084839e-01 1.682689487934112549e-01 1.637204140424728394e-01 1.638000905513763428e-01 1.624619066715240479e-01 1.742295920848846436e-01
1.668852865695953369e-01 1.686984002590179443e-01 1.647595018148422241e-01 1.640184819698333740e-01 1.626820862293243408e-01 1.729562431573867798e-01
1.659375131130218506e-01 1.688822507858276367e-01 1.634326428174972534e-01 1.646621972322463989e-01 1.626156419515609741e-01 1.744697093963623047e-01
1.666648834943771362e-01 1.675578355789184570e-01 1.627579331398010254e-01 1.655480712652206421e-01 1.638620048761367798e-01 1.736092567443847656e-01
1.648218333721160889e-01 1.682432293891906738e-01 1.639513224363327026e-01 1.652636528015136719e-01 1.641580015420913696e-01 1.735620200634002686e-01
1.649545580148696899e-01 1.681818664073944092e-01 1.640434861183166504e-01 1.649162620306015015e-01 1.638731509447097778e-01 1.740307211875915527e-01
1.664179563522338867e-01 1.680834591388702393e-01 1.636838316917419434e-01 1.636701226234436035e-01 1.635204851627349854e-01 1.746241599321365356e-01
1.667897999286651611e-01 1.681687682867050171e-01 1.632506698369979858e-01 1.634597629308700562e-01 1.632261723279953003e-01 1.751048564910888672e-01
1.666071563959121704e-01 1.679481416940689087e-01 1.635405272245407104e-01 1.643545627593994141e-01 1.626624763011932373e-01 1.748871207237243652e-01
1.671283841133117676e-01 1.691308915615081787e-01 1.629830598831176758e-01 1.639436781406402588e-01 1.624137759208679199e-01 1.744002401828765869e-01
1.669028848409652710e-01 1.693678349256515503e-01 1.633659154176712036e-01 1.639996320009231567e-01 1.624514907598495483e-01 1.739122122526168823e-01
1.662299036979675293e-01 1.687295287847518921e-01 1.640117615461349487e-01 1.644800156354904175e-01 1.624108850955963135e-01 1.741378903388977051e-01
1.666080504655838013e-01 1.685126423835754395e-01 1.636245399713516235e-01 1.646867692470550537e-01 1.623198986053466797e-01 1.742481142282485962e-01
1.657473891973495483e-01 1.687455177307128906e-01 1.637013554573059082e-01 1.650267392396926880e-01 1.628970652818679810e-01 1.738819777965545654e-01
1.656637042760848999e-01 1.691797971725463867e-01 1.633742451667785645e-01 1.645124256610870361e-01 1.634930521249771118e-01 1.737767755985260010e-01
1.678161919116973877e-01 1.707192063331604004e-01 1.636368930339813232e-01 1.644092500209808350e-01 1.590386778116226196e-01 1.743797808885574341e-01
1.685735434293746948e-01 1.709314882755279541e-01 1.636442542076110840e-01 1.626595705747604370e-01 1.574949473142623901e-01 1.766962110996246338e-01
1.682301461696624756e-01 1.700819432735443115e-01 1.632083952426910400e-01 1.642168760299682617e-01 1.581154763698577881e-01 1.761471778154373169e-01
1.675712764263153076e-01 1.718084365129470825e-01 1.639884561300277710e-01 1.638821512460708618e-01 1.572559624910354614e-01 1.754937618970870972e-01
1.678291112184524536e-01 1.696415394544601440e-01 1.635182201862335205e-01 1.633182168006896973e-01 1.596028208732604980e-01 1.760900914669036865e-01
1.684444695711135864e-01 1.694469153881072998e-01 1.641848683357238770e-01 1.642078310251235962e-01 1.578866988420486450e-01 1.758292019367218018e-01
1.680158823728561401e-01 1.688830405473709106e-01 1.640788763761520386e-01 1.643622666597366333e-01 1.591556668281555176e-01 1.755042672157287598e-01
1.662585735321044922e-01 1.686176955699920654e-01 1.632753461599349976e-01 1.648201346397399902e-01 1.610376834869384766e-01 1.759906113147735596e-01
1.657264232635498047e-01 1.677246242761611938e-01 1.584164053201675415e-01 1.632436662912368774e-01 1.609440445899963379e-01 1.839449256658554077e-01
1.660196483135223389e-01 1.646036058664321899e-01 1.600271612405776978e-01 1.613461673259735107e-01 1.641368120908737183e-01 1.838665753602981567e-01
1.644543856382369995e-01 1.642298251390457153e-01 1.595411300659179688e-01 1.619523465633392334e-01 1.665618121623992920e-01 1.832604557275772095e-01
1.663949489593505859e-01 1.638323068618774414e-01 1.609474122524261475e-01 1.631354242563247681e-01 1.650947928428649902e-01 1.805951744318008423e-01
1.630144119262695312e-01 1.684106290340423584e-01 1.631502807140350342e-01 1.639232933521270752e-01 1.652822345495223999e-01 1.762191206216812134e-01
1.640393137931823730e-01 1.667888462543487549e-01 1.633245646953582764e-01 1.648866236209869385e-01 1.644838601350784302e-01 1.764767765998840332e-01
1.638153493404388428e-01 1.685936450958251953e-01 1.641887873411178589e-01 1.639059782028198242e-01 1.646988093852996826e-01 1.747974157333374023e-01
1.643351316452026367e-01 1.671987473964691162e-01 1.643257439136505127e-01 1.645793467760086060e-01 1.650664508342742920e-01 1.744945794343948364e-01
1.685938388109207153e-01 1.662529706954956055e-01 1.592030823230743408e-01 1.607009023427963257e-01 1.612325310707092285e-01 1.840166747570037842e-01
