0.4962122 0.060656164
-0.11268691 0.013047357
0.22550485 0.07612403
-0.038669106 0.010775031
-0.055786714 0.006341197
0.0661404 0.027683042
-0.17891306 0.051311336
0.01690901 0.0035639529
0.0012214722 0.0039005752
-0.0111019965 0.0027879053
-0.020922318 0.0028309135
-0.04275886 0.0021875056
-0.0262034 0.0016059218
-0.049566522 0.0067599425
-1.7436316 0.69757783
0.45376107 0.24056467
0.16079764 0.026663696
-0.18979476 0.04735811
0.11165226 0.020398906
-0.88713336 0.17346331
0.32340068 0.029690852
-0.022213047 0.0070602605
-0.08661947 0.0070081027
0.019311551 0.027927058
-0.055462867 0.00485364
1.290239 0.43770832
