-96.138054 449.39185
nan 73811430.0
nan nan
nan nan
nan nan
nan nan
nan nan
nan nan
nan nan
nan nan
nan nan
nan nan
nan nan
nan nan
nan nan
17.254772 20.9071
-0.0 71532420.0
nan nan
10.978042 4.067848
nan 213960.53
nan nan
nan nan
nan nan
nan nan
nan nan
nan nan
nan nan
nan nan
nan nan
nan nan
nan nan
nan nan
nan nan
nan nan
nan nan
nan nan
nan nan
nan nan
nan nan
nan nan
nan nan
nan nan
nan nan
nan nan
nan nan
nan nan
nan nan
nan nan
nan nan
nan nan
-14.055667 4.473628
-69.045425 80.756424
nan 19098.549
nan nan
15.81316 18.411354
nan 2510437.2
nan nan
nan nan
nan nan
nan nan
nan nan
nan nan
nan nan
nan nan
nan nan
nan nan
nan nan
nan nan
nan nan
nan nan
nan nan
nan nan
nan nan
nan nan
nan nan
nan nan
nan nan
nan nan
nan nan
nan nan
nan nan
nan nan
nan nan
nan nan
nan nan
nan nan
nan nan
nan nan
nan nan
nan nan
nan nan
nan nan
nan nan
nan nan
nan nan
nan nan
nan nan
nan nan
nan nan
nan nan
nan nan
nan nan
nan nan
nan nan
nan nan
nan nan
nan nan
nan nan
nan nan
nan nan
nan nan
nan nan
nan nan
nan nan
nan nan
nan nan
nan nan
nan nan
nan nan
nan nan
nan nan
nan nan
-5.541885 2.1684668
nan 52728104.0
10.105517 3.0036843
nan 63481760.0
4.1891356 2.1636357
12.124175 1.727456
44.85593 25.09965
nan 3173668.5
nan nan
nan nan
nan nan
0.6676916 0.072537445
0.1317311 8.610081
nan 43710956.0
nan nan
nan nan
nan nan
-13.566084 6.320468
nan 138382740.0
nan nan
nan nan
nan nan
7.321185 5.58928
-4.129738 6.882062
45.581684 22.104223
nan 36507856.0
nan nan
nan nan
-7.815454 0.8957599
nan 28782.863
nan nan
-0.013909378 2.8298438e-05
0.0 252.44452
nan nan
nan nan
nan nan
nan nan
nan nan
nan nan
nan nan
nan nan
nan nan
nan nan
nan nan
nan nan
nan nan
nan nan
nan nan
nan nan
nan nan
nan nan
nan nan
nan nan
nan nan
nan nan
nan nan
nan nan
nan nan
nan nan
nan nan
nan nan
nan nan
nan nan
nan nan
nan nan
nan nan
nan nan
3.4615548 1.4329532
nan 27947008.0
-8.9374275 6.0492144
nan 99160216.0
nan nan
nan nan
nan nan
nan nan
nan nan
0.54163694 0.041161165
nan 42562684.0
nan nan
nan nan
nan nan
nan nan
nan nan
nan nan
-0.59650314 0.022029664
nan 13782349.0
nan nan
nan nan
nan nan
nan nan
nan nan
nan nan
nan nan
nan nan
nan nan
nan nan
nan nan
nan nan
nan nan
nan nan
nan nan
nan nan
27.28533 48.660446
nan 656259.2
nan nan
-5.809579 2.116391
nan 99572850.0
nan nan
nan nan
nan nan
nan nan
nan nan
-7.372984 2.7321126
nan 13608208.0
3.2568483 27.625742
0.066259824 2.728838
nan 649372000.0
nan nan
nan nan
nan nan
nan nan
nan nan
nan nan
nan nan
nan nan
nan nan
-2.4521909 5.794084
nan 426212260.0
nan nan
nan nan
nan nan
nan nan
nan nan
nan nan
0.35558882 0.026588319
46.075184 10.297092
nan 2241232.0
nan nan
nan nan
nan nan
nan nan
nan nan
nan nan
nan nan
nan nan
nan nan
nan nan
nan nan
nan nan
nan nan
nan nan
nan nan
nan nan
nan nan
nan nan
nan nan
nan nan
nan nan
nan nan
nan nan
nan nan
nan nan
nan nan
8.661065 1.1199832
nan 80111950.0
nan nan
nan nan
nan nan
nan nan
nan nan
nan nan
nan nan
nan nan
-150.3576 69.30718
nan 15324665.0
nan nan
nan nan
nan nan
nan nan
nan nan
nan nan
nan nan
nan nan
-14.322716 55.599834
nan 25374254.0
nan nan
nan nan
nan nan
nan nan
nan nan
nan nan
nan nan
nan nan
nan nan
nan nan
nan nan
nan nan
-0.12555602 14.644962
-156.96002 85.135025
nan 203572720.0
nan nan
-21.233242 453.17804
nan 10947825.0
nan nan
nan nan
nan nan
nan nan
nan nan
nan nan
nan nan
nan nan
nan nan
nan nan
nan nan
nan nan
nan nan
nan nan
nan nan
nan nan
nan nan
nan nan
nan nan
nan nan
nan nan
nan nan
-29.179947 30.804443
nan 151637330.0
nan nan
nan nan
nan nan
nan nan
nan nan
2.320913 36.084503
-0.0 1469.5072
nan nan
nan nan
nan nan
nan nan
nan nan
nan nan
-30.00789 49.50125
nan 55831190.0
nan nan
nan nan
nan nan
nan nan
nan nan
nan nan
nan nan
nan nan
-3.77969 8.631521
nan 1326559100.0
nan nan
nan nan
nan nan
nan nan
nan nan
nan nan
nan nan
nan nan
nan nan
nan nan
nan nan
nan nan
nan nan
nan nan
nan nan
nan nan
3.55472 4.629355
nan 863690.0
nan nan
nan nan
nan nan
nan nan
-2.092448 1.4443294
22.856447 11.547269
nan 9959032.0
nan nan
nan nan
nan nan
nan nan
nan nan
nan nan
nan nan
nan nan
nan nan
17.199413 12.657709
-2.1553628 4.905685
-1.6894405 4.617767
-1.0294104 0.61279345
nan 123055.5
nan nan
nan nan
nan nan
nan nan
nan nan
nan nan
nan nan
nan nan
nan nan
nan nan
nan nan
nan nan
nan nan
nan nan
nan nan
nan nan
nan nan
nan nan
0.09995832 0.31306782
-0.0 338213100.0
nan nan
-0.18658572 0.10757371
0.922713 0.3336763
2.3564198 4.994373
-0.335848 0.5832062
-0.61151534 0.22143857
-0.542329 0.23689255
-0.05614536 0.6630068
-0.023160888 0.41883847
-0.12710513 0.20881474
0.4651116 1.2565559
0.1275465 0.19272265
0.24493279 0.12740579
0.20030141 0.14597665
-0.08800389 0.1813423
0.5926965 0.22455268
0.09506655 0.14719532
-0.581443 0.30103913
-0.36660138 0.12133854
-0.10099173 0.2716337
0.015221557 0.10804431
0.22007075 0.15186909
0.31528205 0.226846
0.25966027 0.39536574
-0.14664292 0.07094806
-0.10079347 0.38491514
-0.080015615 0.36702114
-0.064658135 0.30764377
1.9386569 4.957445
0.43996704 0.6785805
-0.8816165 0.30473295
-0.0052143624 0.22861007
0.4191401 0.34867105
0.4028788 0.41383812
0.14146501 0.39770302
-0.21391727 0.18563621
-0.25895533 0.17049964
1.6710029 4.8603907
-0.39014348 0.14742634
-0.27214047 0.21316043
-0.045407023 0.44936144
0.40863407 1.6150191
2.0495837 5.2916574
-0.17339431 0.078667104
-0.36504722 0.23306565
-0.2685997 0.08513768
-0.18073906 0.18037598
-0.17984004 0.114135064
-0.14337118 0.099595964
0.9353196 4.6570506
-0.15577465 0.25013027
-0.12819028 0.087192394
-0.15059698 0.08009373
-0.1861246 0.21716236
-0.046852056 0.09681566
0.09375781 0.42007217
0.00015142141 0.07868682
0.11246094 0.26480985
1.9240938 4.287528
1.5066224 4.692477
-0.14969984 0.07690574
1.3609546 4.901062
-0.23460266 0.25744498
-0.36364183 0.3490876
-0.57356757 0.33414587
-0.54510677 0.32989752
-0.55072314 0.4111552
0.45982152 3.108033
-0.2800627 0.11326507
-0.29133594 0.30063277
-0.24637188 0.22239122
2.0680346 4.6614795
-0.17371446 0.09707572
-0.2659109 0.09532297
-0.29834998 0.14953904
-0.20148894 0.19614431
-0.22863054 0.36660177
-0.032214332 0.38770333
-0.14977077 0.113373205
1.5882698 0.46096793
2.0607054 3.8769033
-1.0924822 0.33443993
-0.98531926 0.35904557
-0.7905099 0.2822779
-0.32194155 0.23996611
0.01656274 0.35862088
0.24000761 0.39712167
0.12165771 0.14478028
0.081241846 0.08524415
0.21763445 0.28664815
0.22225025 0.22127953
0.15701129 0.13849278
0.10764023 0.07495849
-0.04094439 0.113861896
-0.1069586 0.18339695
0.054214537 0.55305076
-0.017959137 0.30045685
-0.09458425 0.06614657
-0.07323664 0.18514517
0.33087426 0.42103437
-0.34544256 0.26259613
0.49740234 0.7564246
0.07928234 0.09213006
-0.09961305 0.122243896
-0.18078133 0.0922591
-0.03255764 0.17023563
0.13262771 0.1594915
0.056612905 0.10348307
0.098446816 0.4250554
0.9822222 4.5906186
-0.34564346 0.4793399
-0.276715 0.12595862
-0.073648766 0.28966147
-0.24709678 0.09135233
-0.3451544 0.14530666
-0.0057866434 0.32900327
-0.06727156 0.11346303
0.1250077 0.29037488
0.01177443 0.10400567
0.15655273 0.076897755
-0.04887199 0.21945491
0.15059131 0.36239502
0.23078586 0.33167326
-0.6476751 0.22589248
0.37032107 0.46726805
0.11042234 0.3795712
1.6929995 4.9777293
-0.019133128 0.112814724
-0.16329034 0.09363115
-0.26248035 0.12952499
-0.3448932 0.44404355
0.16517907 0.65530914
0.32346264 0.38436583
0.05401473 0.14856432
-0.09802828 0.13257197
-0.045592144 0.14016381
0.19540544 0.35558745
-0.05111425 0.08245448
-0.21226169 0.3048606
-0.025121432 0.36805454
-0.15937684 0.15836126
0.09939492 0.5460522
-0.11555988 0.15987967
-0.0072163846 0.20257145
0.093010426 0.57506937
-0.08494445 0.12792413
-0.074833095 0.09695268
0.17733426 0.696958
-0.14512148 0.14196512
1.6273608 4.4369473
0.00091429666 0.1367976
-0.07515752 0.18281855
-0.08343302 0.21438175
-0.22559482 0.23297231
-0.15476102 0.17383486
1.2877511 4.4539313
0.66570544 4.5665474
-0.24999602 0.17892179
-0.16179337 0.5632246
-0.34044382 0.101213485
-0.27264363 0.1885613
-0.25198296 0.1430091
-0.33116892 0.13736263
-0.13748474 0.1353807
-0.042196404 0.22058322
0.050744735 0.53688973
-0.06218017 0.08071619
0.13899088 0.40729055
0.23028675 0.3355003
0.07586785 0.080717355
0.060245667 0.1025351
0.06417651 0.13412522
0.067098804 0.08072954
0.18791565 0.34579104
0.044071417 0.18200085
-0.04954324 0.09466087
-0.0052821627 0.14920919
0.021083325 0.33299547
1.2237595 4.769897
-0.2764069 0.18277384
-0.009125468 0.55837095
0.49197087 0.85107446
-0.06286117 0.10468538
-0.29026073 0.1707659
-0.11060227 0.32755107
-0.22188753 0.083133474
0.25429356 0.47892818
1.2948527 5.0191836
0.044473574 0.5100426
-0.17632422 0.12568788
-0.16288917 0.118838444
-0.1930166 0.17678389
0.7307807 0.33051997
-0.9417926 0.28845215
-0.6639227 0.1779566
0.02218546 0.13822147
0.12314352 0.30223802
0.5430554 0.42097262
0.90718514 0.6574343
-0.39084166 0.39882866
-0.65439516 0.42008537
-0.09320644 0.31379107
-0.03427756 0.1026166
0.30958283 0.15307918
0.13555852 0.14112487
0.19423595 0.4047486
0.72661763 0.17140545
-2.0054476 0.71112883
-1.0267292 0.2900427
0.13061628 0.33466312
2.5137007 5.2338095
0.767316 0.42294976
0.4776486 0.121431164
-0.074086554 0.31729734
0.28958446 0.38491517
0.24035399 0.107368745
-0.2715568 0.09805501
-0.55667305 0.3027281
1.7455842 5.029489
1.5161719 5.02122
-0.15270603 0.5448734
0.58796555 4.446155
-0.54744923 0.14659254
0.042881217 0.11917174
-0.73980373 0.46000424
0.22117996 0.1448691
0.47716 0.28912663
0.29278907 0.17102541
0.14410646 0.20110098
1.9166139 4.954305
-0.3113689 0.26897
0.011572515 0.1249684
-0.28318068 0.18058091
-0.01686307 0.19035758
-0.10589563 0.14105593
0.020815788 0.38009006
-0.05104898 0.17754813
-0.0076824417 0.11998846
-0.080505766 0.093965024
0.119372025 0.2577673
0.06866883 0.09247663
-0.07147113 0.28115305
0.23702091 0.36095864
0.004070044 0.1673129
-0.04336291 0.15694237
0.19508795 0.49851662
0.0887865 0.2028814
-0.14487794 0.13641955
-0.04135346 0.09032771
1.9597458 4.874341
-0.10910318 0.09579267
1.6242855 4.5035343
-0.1690456 0.3720625
-0.5797788 0.4352969
1.6483026 3.5288649
1.1100858 4.0824814
-0.36478713 0.51976764
1.1497712 4.1060896
-0.5132127 0.7120577
0.2973183 3.947612
-0.9348973 0.507647
-0.79014105 0.20649542
-0.92319554 0.41459933
-0.74980456 0.34175554
-0.41248834 0.26049337
-0.33845627 0.10750288
-0.45269123 0.40250134
-0.11876987 0.1791498
0.21252276 0.34640664
1.771128 4.566519
1.75525 5.171411
0.08114317 0.1201687
0.16215758 0.26458722
0.07226517 0.076676704
0.12007378 0.4521978
-0.07864757 0.08267947
-0.012215502 0.42566103
-0.11203134 0.12643294
-0.11060358 0.12298292
1.09745 4.528473
-0.83634096 0.37248915
-0.115664154 0.28854796
-0.12056047 0.34044144
0.25457093 0.22272596
0.18627574 0.14031382
0.038369466 0.17922293
0.038775552 0.19263558
-0.13379298 0.114322886
-6.7286305 1748.2076
-4.393103 2087.0437
3.902447 968.90967
3.986916 1310.8806
11.817486 4344.4673
249.60474 49947.29
-9.999963 2727.2373
-11.870627 2137.3604
-3.626552 1175.5322
12.033602 3159.841
2.2526164 623.23083
-6.2001534 2517.9868
-4.604586 794.3222
-15.398155 3937.592
1.3902141 885.0226
5.7692385 2835.7056
-3.3662283 831.5609
3.2956862 1721.1543
12.111188 2553.284
6.8619876 894.5185
6.3307977 1209.5914
118.4219 49891.668
-1.0283613 620.1746
-31.620419 3643.8396
455.1424 49560.477
-4.679127 1218.5471
23.695623 1328.8456
43.18738 3260.3704
-16.407434 2072.4907
-18.464031 1366.9974
15.779683 2092.3289
5.217737 1748.5155
23.065638 4535.398
-10.524788 1181.7538
-6.107418 1179.4253
8.983083 1387.8352
11.983327 938.4814
14.808558 1681.0316
7.1635036 1013.0724
19.041956 1346.3524
32.49634 49864.555
34.034275 1926.7523
-24.228764 955.4508
90.64953 3608.4321
5.3683004 633.93335
1378.1666 44112.3
128.06223 3650.6033
-0.25401497 1114.2024
-42.413097 1488.4655
-20.007147 635.86523
19.319696 1074.1058
-30.741041 47266.145
225.18652 5709.6855
-56.93689 2427.5662
-58.60142 42491.184
-79.36606 2038.1443
262.28964 2234.694
-306.32193 1314.6785
1.6925253 726.2799
6.7836046 1491.9049
5.724802 3795.923
-5.9871864 2473.4326
0.45665342 1857.9838
615.84863 44906.105
431.6901 45160.934
3.7169092 2238.9626
60.29584 3715.3394
-11.237055 2402.604
-7.3077865 1262.9692
3.0097826 718.48834
-17.992622 696.4898
1.995999 5262.3657
-6.836509 2619.1538
35.395275 2384.4915
127.03799 5716.987
-7.615333 2813.529
56.943085 44754.855
1.2255541 627.9251
-20.290768 1677.826
-26.754053 1965.9829
-27.849384 1296.5087
-27.830353 1849.9159
-24.004326 1870.2999
-26.657791 1479.0786
2160.4644 43289.812
37.965767 1199.8975
-22.995499 3025.3982
-30.996712 2669.2249
-27.729155 921.82306
-42.229176 2458.5376
-42.77543 1740.1364
-77.529724 4920.86
-36.351223 1252.9796
-76.39675 1154.2423
nan nan
nan nan
3.062908 927.17523
23.710321 4016.718
9.297437 2545.086
-6.078978 1638.0836
-4.8780046 1259.1854
35.12362 12831.441
-5.6743703 1634.4543
17.773153 3816.6714
-4.392972 1895.8535
23.8425 4548.2686
15.666952 4816.942
101.29207 45355.34
175.34932 45411.37
4.474913 1633.9978
12.076303 4364.146
259.29285 49888.27
-4.9081163 1129.8295
-14.578952 3369.6465
256.5112 49705.707
-3.6317992 933.0979
-3.835567 1019.5693
23.965002 2950.497
5.728666 2264.588
17.62206 5759.441
6.8679867 2542.1848
11.076721 3788.6963
219.06392 49844.34
3.644824 1332.1699
15.728816 2940.3955
18.408146 4206.7407
2.3421504 1768.8518
-28.062399 3228.3787
3.4483283 2232.8142
-2.7181954 623.92426
1.160262 48631.086
2.4093568 738.06537
1.5465986 1479.7245
8.030428 3536.7158
2.4003155 1719.0217
-5.770257 44561.332
1187.1086 48187.445
56.894417 2780.0107
-5.206197 1118.7107
-199.2883 2891.3638
-38.481533 1639.5186
-52.01091 1077.1915
318.34122 4860.146
135.00919 5408.0493
-26.119402 2611.526
232.48367 2132.2107
-14.753907 2098.2942
-15.375016 1045.454
-68.134094 1759.9246
-69.944145 782.13824
2.9972692 1055.8751
877.9224 40107.348
-96.088425 3343.8203
-40.79682 1476.8513
-28.054792 1101.0825
1106.637 37795.95
-149.66238 1909.2845
341.90503 46553.426
-87.23546 900.943
-0.44703498 39385.473
-119.72638 1917.1633
-140.10522 1214.1287
-83.73669 1416.4058
19.237196 3946.0513
187.52237 4278.382
-43.066395 1248.3068
nan 790.2329
nan nan
nan nan
nan nan
nan nan
nan nan
nan nan
nan nan
nan nan
nan nan
nan nan
nan nan
nan nan
nan nan
nan nan
nan nan
nan nan
nan nan
nan nan
nan nan
nan nan
nan nan
nan nan
nan nan
nan nan
nan nan
nan nan
nan nan
nan nan
nan nan
nan nan
nan nan
nan nan
nan nan
nan nan
nan nan
nan nan
nan nan
nan nan
nan nan
nan nan
nan nan
nan nan
nan nan
nan nan
nan nan
nan nan
nan nan
nan nan
nan nan
nan nan
nan nan
nan nan
nan nan
nan nan
nan nan
nan nan
nan nan
nan nan
nan nan
nan nan
nan nan
nan nan
nan nan
nan nan
nan nan
nan nan
nan nan
nan nan
nan nan
nan nan
nan nan
nan nan
nan nan
nan nan
nan nan
nan nan
nan nan
nan nan
nan nan
nan nan
nan nan
nan nan
nan nan
nan nan
nan nan
nan nan
nan nan
nan nan
nan nan
nan nan
nan nan
nan nan
nan nan
nan nan
nan nan
nan nan
nan nan
nan nan
nan nan
nan nan
nan nan
nan nan
nan nan
nan nan
nan nan
nan nan
nan nan
nan nan
nan nan
nan nan
nan nan
nan nan
nan nan
nan nan
nan nan
nan nan
nan nan
nan nan
nan nan
nan nan
nan nan
nan nan
nan nan
nan nan
nan nan
nan nan
nan nan
nan nan
nan nan
nan nan
nan nan
nan nan
nan nan
nan nan
nan nan
nan nan
nan nan
nan nan
nan nan
nan nan
nan nan
nan nan
nan nan
nan nan
nan nan
nan nan
nan nan
nan nan
nan nan
nan nan
nan nan
nan nan
nan nan
nan nan
nan nan
nan nan
nan nan
nan nan
nan nan
nan nan
nan nan
nan nan
nan nan
nan nan
nan nan
nan nan
nan nan
nan nan
nan nan
nan nan
nan nan
nan nan
nan nan
nan nan
nan nan
nan nan
nan nan
nan nan
nan nan
nan nan
nan nan
nan nan
nan nan
nan nan
nan nan
nan nan
nan nan
nan nan
nan nan
nan nan
nan nan
nan nan
nan nan
nan nan
nan nan
nan nan
nan nan
nan nan
nan nan
nan nan
nan nan
nan nan
nan nan
nan nan
nan nan
nan nan
nan nan
nan nan
nan nan
nan nan
nan nan
nan nan
nan nan
nan nan
nan nan
178.4249 50006.227
-4.93179 1410.5182
6.880756 1806.134
-9.602103 2577.3262
-3.6045396 660.10925
12.533697 4102.705
-2.9585667 688.76196
7.210085 1606.708
8.4465885 1694.5269
5.9046154 1503.4727
2.2489336 621.47797
160.55055 45497.867
2.4731922 760.1242
17.815409 5671.3706
193.26189 45319.434
13.901096 3530.4546
4.630755 1132.7705
-1.0334028 725.6424
14.688055 2721.307
-12.349952 1826.9209
-11.269695 1413.1812
1.2439793 1325.3667
22.80224 4339.0054
533.16376 49259.324
-18.908415 2104.3777
16.48133 3826.9604
43.13164 2864.5083
16.544508 1480.0194
-10.042778 1753.6294
-0.42726374 1160.6931
-14.968065 800.9863
31.02125 4809.0757
-10.433571 1095.5173
122.25618 7803.362
96.737236 5405.1685
-1.4442731 1724.621
-15.653202 3759.0225
-5.1122117 1046.4797
-13.337528 978.4727
-31.288643 931.8657
-59.27837 3381.228
5.7534986 3241.3757
6.523169 2152.2283
3.6328413 926.89435
14.776874 3651.3906
12.338157 3328.5454
6.8026056 2374.2136
8.512889 2271.3477
-2.1837118 1004.3243
3.3556833 730.81836
8.829226 1885.6584
22.107428 3281.6833
-4.917089 796.6806
-11.267432 2195.66
-12.3125725 3102.817
4.298616 795.4276
152.0428 45748.41
16.509102 3846.7615
20.331772 4540.2295
2.6271527 655.34656
149.59602 45351.594
6.4882045 2308.2046
4.3173404 1366.1365
190.08018 50040.074
7.8663826 2403.5093
10.91394 2551.002
13.759297 3593.068
8.834133 4585.2036
-21.252014 4805.787
4.748562 865.94946
-5.5739584 1030.0118
152.8939 50015.383
6.9533076 2207.7512
11.2883625 2793.5293
11.366134 2670.5896
13.612134 3506.7327
17.510878 4221.1787
21.763058 5600.0903
-6.2503867 2144.345
-9.913786 1729.0243
-4.375757 754.9883
1.571271 1078.7799
7.0800734 1797.9847
-4.9982476 682.5759
7.3619556 2405.17
4.5005913 2832.3535
5.079518 1458.1162
240.55229 44808.605
4.880076 1908.9739
9.997785 3157.8154
19.318857 44042.918
10.02066 2087.5269
-3.292235 4709.6035
4.9013467 1964.5189
-19.150805 1914.9335
-6.9403315 2109.8677
7.788318 2369.019
4.5623736 1653.3868
11.326656 3495.4272
2.364195 710.0467
-8.06094 2725.0366
84.12065 45463.31
-3.5983193 915.53143
-5.8822412 1937.554
-9.4418955 2406.3904
13.237189 3292.6118
0.17083055 0.056257065
6.2498116 1705.9629
-9.216162 1909.9913
10.310465 2184.2517
9.857292 2074.556
1.6501663 903.1203
2.1025913 688.14905
90.94104 49918.832
7.146866 2743.7278
163.12946 50046.008
-3.170635 625.56696
-0.21082744 0.11509999
7.7570987 2450.0076
185.51309 50227.746
9.523964 2548.1812
10.8754635 2346.0076
-9.122546 2536.2231
5.469259 1681.3385
3.3431296 839.6966
167.79474 45473.855
135.1835 50065.727
0.6026395 1057.87
13.241971 2449.8362
-11.741168 2899.2715
11.34788 2589.945
230.39417 50133.496
187.84416 45381.008
5.7712264 1532.6794
13.302701 2566.8552
-0.8858502 621.2517
4.390304 1873.123
0.6466214 727.17377
-11.3535185 2109.069
4.9063907 2386.7424
8.351201 3750.9365
-17.893837 1649.3948
-3.0660505 697.07556
6.7665877 2736.119
2.0528307 1223.8737
7.3266068 4619.859
-6.800482 1286.1798
9.410413 4272.769
-7.7728114 1917.2275
9.162462 1483.2052
6.5909615 2292.168
270.7118 50016.23
9.943796 2630.0242
289.54102 45632.945
4.932537 2518.709
6.266646 1561.7343
26.143837 3912.1543
9.943248 2602.681
13.418558 3135.9568
20.522514 8329.481
363.01782 45270.703
460.60095 44904.168
521.3039 44897.754
-2.1695862 717.0388
12.537612 2632.8997
1215.3854 43939.25
-16.44057 1039.3064
20.230078 1676.8622
209.38889 49867.15
197.8615 49910.82
139.41376 49922.1
7.5021267 1909.0554
-3.7499208 965.64154
-2.0780265 1739.0348
23.137072 4773.01
14.064995 4134.775
3.7244878 979.9574
261.60983 50050.83
-8.289249 2454.647
8.725894 2335.537
102.94568 45625.473
7.563043 1116.9648
-3.951301 1293.1458
17.160341 3474.1543
11.487511 2911.1812
-2.5358343 668.56647
194.40657 50366.08
3.571302 770.8762
2.1124237 899.4046
0.5727385 624.26483
206.95845 45264.445
-5.7324624 2886.9329
-10.4996 634.0312
13.790268 3661.222
256.0011 49817.516
3.5149374 1358.0541
8.630516 1155.9131
6.3199635 1388.2765
272.288 44859.223
216.89897 44950.06
-2.820558 719.03577
-11.649562 862.8181
-3.563911 1929.2018
4.025864 1780.5938
-18.410458 3823.9116
-10.247139 625.10785
-64.1938 3233.2595
-156.01894 3647.5027
-4.9207153 1256.6487
-12.438176 1738.9965
12.794775 3881.4436
-3.867467 949.5886
10.035992 1997.0634
10.611093 3057.755
7.137471 1543.5936
-6.399099 1183.899
4.8011947 1791.7435
79.68907 50064.906
-5.5268164 821.2991
-22.938951 3123.3833
-6.8340235 635.8081
-6.944596 1889.81
0.36211327 849.4158
86.65598 49594.574
8.615622 3951.5708
0.5509532 1899.0416
-8.493539 707.27924
-10.007396 1845.8826
-4.0711637 2216.868
4.538423 926.6801
-7.385187 2144.3887
-1.6580898 954.7498
19.799574 2698.1787
13.874001 3463.6865
16.03154 3424.2803
11.641999 2419.2932
252.54059 45267.344
23.722414 5097.8594
-3.0475001 941.4886
-7.566948 1174.7434
-7.471818 1185.7714
9.191127 1827.6664
-6.837092 1134.8304
7.4592605 1507.7324
30.409588 4981.9478
6.7971725 2103.9014
-8.492558 925.3105
97.58326 22712.445
-2.245317 868.3758
12.446209 3843.643
-7.5931892 2296.368
7.408547 2185.8044
16.417133 2594.6455
6.55956 1407.2662
4.3842835 1318.4207
-1.6021731 898.4036
7.9173765 1609.8232
-12.719083 1995.854
17.124287 49698.58
-3.6421797 884.9808
1346.6521 44569.42
-12.858837 1638.8855
-1.2128167 1047.5907
-6.8868937 3130.0828
-5.785466 2469.7593
-124.10558 2245.4878
-4.130642 2492.891
-19.07526 4701.8506
32.89191 682.41315
12.746629 3490.678
-5.246714 1677.709
6.8366637 1240.9666
10.003586 2395.5283
-2.0963967 630.9971
1.6426864 843.4045
1.6355282 622.3713
-2.814208 953.57556
-8.462406 1358.601
-5.972756 962.42755
35.139923 7095.903
6.4100556 1565.8813
27.72445 4111.562
-3.0688727 1554.3556
-4.061738 626.4929
157.97249 50010.74
162.03549 50089.04
163.72371 50199.938
-5.962971 974.38074
23.277584 4049.6548
-3.686263 1413.7083
6.31197 1453.719
9.018185 3354.4202
1.7722452 623.67377
3.1940827 812.62427
5.7319436 1307.3726
8.155477 2458.263
4.8467264 616.8358
177.4568 45459.062
4.8465095 1452.0818
4.018231 1032.297
0.5768415 623.15717
2.762918 625.47974
-0.365883 671.62213
-2.9469228 1489.8103
166.95493 45490.344
170.72083 49895.707
-6.076467 778.0059
11.007115 6167.817
12.122805 3386.9287
24.265562 5714.8525
-6.10936 1521.7094
-19.026102 2514.4749
-6.784176 2194.2446
3.8154433 3824.0261
1.8940157 1563.7543
-7.594718 822.93365
3.0352128 3184.9502
-9.352328 1760.6901
-4.2758 860.5783
-4.236017 993.4679
3.0691462 3942.9124
2.3442118 2467.8577
-3.902759 631.4512
-2.504708 643.5789
4.095792 3200.163
31.707485 3837.8977
-5.712433 1173.7192
1.8593099 5206.5576
0.5508438 638.18274
3.0652926 2262.1353
30.932066 48933.902
-2.1545627 3014.4805
11.411827 1527.5254
-12.331723 2147.4133
14.932686 1584.7747
-2.7261274 4119.973
-20.688993 1491.4282
-1.9102937 1351.1163
756.3625 42512.867
-10.899193 1603.9885
1.2462488 747.00385
-14.4902725 2102.9524
3.0476701 939.2085
79.019485 3389.5183
-17.8128 2163.8237
-6.571699 1071.5947
133.8707 2119.6545
53.52267 1960.2574
205.54604 44491.863
-5.2911077 2166.3198
-17.18225 809.305
-19.125784 809.1138
-81.11821 2130.67
-12.581043 3009.5278
-5.7983174 5288.419
-29.855974 7170.028
-42.181225 2434.9524
-30.391287 1563.1023
-51.3895 1287.1072
-8.032871 1121.0254
326.70892 33560.83
-38.406063 1479.1229
-36.62713 1290.7401
-24.816654 2498.0715
-13.201465 1022.10425
41.08126 41251.82
-33.43859 4051.2883
-60.09831 1436.2213
-41.32176 1003.51447
28.750378 4874.731
-16.857277 2273.1848
-41.255795 2379.572
-24.381647 2334.0317
-23.821224 1250.7308
-3.4953098 928.69086
-18.228827 2513.548
540.15735 47403.137
-5.7343206 793.6442
-15.107756 1127.1887
3.3876224 882.5185
-3.89749 653.1449
-9.7611885 1913.8246
21.520956 4629.4272
7.2084856 2732.2485
242.99135 49641.668
7.224682 1617.1067
-1.4995674 623.87994
84.62401 14994.136
344.74368 49509.11
-7.7956877 876.8422
-18.488272 645.5762
-2.754207 1571.4314
0.16977866 621.2443
0.4388035 776.1004
-0.9575633 820.6515
-1.1611502 828.11444
10.4695015 1090.3153
-9.363465 1609.96
204.00993 45934.316
9.537773 1754.6013
26.546902 3951.6985
6.603933 2048.1165
5.3258433 635.9753
11.304125 2825.946
4.5487666 853.7233
5.8233294 1407.2018
115.14197 45364.27
192.74553 49998.645
14.874462 4238.088
6.7999687 1737.0826
10.27371 3224.3652
2.8064246 628.7323
6.0247664 1199.2482
2.0256107 624.4032
-7.4465404 1610.2526
-2.939468 627.0046
6.8761444 1629.7109
6.717171 3838.4321
462.18436 49458.703
-11.900316 806.71594
22.173746 3214.5798
0.84256977 619.2038
-7.0540595 1371.6208
17.3995 2225.9648
2.3693497 614.3979
14.273561 605.3533
-20.48986 1548.2404
-5.612977 828.5601
-12.400009 2945.4602
41.288303 45617.12
4.3321176 951.6861
-8.136425 1751.7362
-5.983875 1246.8423
-2.7862022 628.5445
-3.8030925 907.43506
-1.9188775 626.46606
-4.3962264 1405.4747
-10.519547 2086.4036
-5.2525887 1312.1187
-12.469056 3494.6865
5.9579353 1268.8868
6.414007 5744.149
9.209623 1537.7985
-6.2697716 1195.0414
76.28518 49720.47
7.169263 1987.3944
195.70401 50187.82
-12.338901 3143.3018
-22.545591 2011.0668
4.577535 751.23944
23.54326 5433.63
10.465386 1731.863
-9.7211 2169.7288
-6.244058 1074.2258
-3.495599 636.1193
2.1634142 1043.9408
1.433474 621.078
1.8385704 1218.1644
3.5128727 787.79095
19.50007 3337.8928
-3.4822156 2343.5857
-7.2078075 1958.7471
241.94243 49885.59
21.257391 2642.119
-7.14712 1524.344
-6.1335883 1304.214
609.8887 44601.246
6.780025 1314.5419
-4.814874 1325.4233
46.65396 44974.863
-10.691821 2721.247
24.215069 5252.3413
0.32054386 2954.5
-12.529006 1174.7468
-6.1380973 670.0205
782.1787 44728.02
-16.061562 787.96643
2475.194 43561.97
-13.328635 799.59174
-0.994506 1486.8724
2099.766 46237.605
-37.49483 4302.9683
-23.383156 1329.1533
106.31724 3559.9922
15.396226 2675.1665
-121.32334 1883.0092
-5.4567366 1477.8062
9.747847 1362.8054
9.001678 1721.3312
-8.589416 2199.7087
15.037372 3654.7039
14.109841 2842.1416
3.7159681 1099.0009
14.5685005 2179.9783
10.615851 2466.0403
-7.3207555 1592.03
25.586557 4938.74
6.946982 2125.5986
-9.413795 2388.4343
-7.6211195 1147.6865
-13.816047 3609.6987
31.787718 4143.7627
1.1506182 619.813
-11.701054 1944.3447
5.867891 1116.8256
3.2616282 1086.2118
-31.671093 3802.5222
19.12614 4289.786
10.351225 2428.5833
-9.705777 1505.9473
5.2408075 1151.3658
-3.1054678 1274.1104
5.1709156 1507.5471
2.0990486 1463.0548
2.0862963 656.1131
3.7452834 2820.061
6.326161 1381.8324
-1.1731056 1213.7
5.480972 1301.7969
-2.909059 633.2389
-4.1881733 1205.5068
-11.344497 923.2058
8.36136 5611.66
91.54161 3935.1636
128.23941 8074.693
-10.865922 807.29706
-34.243553 1099.6816
-21.313005 8201.587
-47.086777 8322.127
-16.672796 4395.2188
-15.922548 9384.539
-19.849077 7697.445
-25.734343 4438.481
-47.846027 9550.536
-15.043927 8097.044
-28.173891 9994.879
6.4750676 4029.649
-4.8373084 9486.711
-44.620735 7836.127
-30.076363 8623.312
-32.07362 7939.6685
-50.777992 13548.521
-20.025084 5627.0825
-24.980265 9591.96
-78.65503 17871.305
-35.01599 8280.077
320.0421 45551.246
85.97716 50431.926
270.9896 45357.094
-40.753693 18546.559
-34.20479 41922.605
264.87418 45259.64
-111.54729 29566.195
-107.033066 21818.842
-20.906004 6847.9565
-142.17587 31088.29
240.71173 45306.42
-90.10245 19296.799
-96.90627 35414.176
-159.4034 24848.215
-127.01214 18933.406
-105.8007 29402.652
-91.91907 23433.01
-129.37682 27174.395
-134.34694 35646.527
-141.80519 28740.516
1285.6953 51695.41
-112.37272 33269.723
-43.36183 6549.414
-83.57 10485.734
-277.60986 20032.943
-47.250206 13838.086
-186.6841 28291.889
10.767673 47459.81
-30.924133 15013.925
-14.594614 7438.2827
-29.754974 44410.66
-33.939213 5483.476
-214.87021 11465.082
-140.41129 17411.834
-21.028395 13202.846
-12.8650255 14017.937
164.1329 46298.23
-17.716604 8957.227
-49.65809 3609.6033
nan nan
nan nan
nan nan
nan nan
nan nan
nan nan
nan nan
nan nan
nan nan
nan nan
nan nan
nan nan
nan nan
nan nan
nan nan
nan nan
nan nan
nan nan
nan nan
nan nan
nan nan
nan nan
nan nan
nan nan
nan nan
nan nan
nan nan
nan nan
nan nan
nan nan
nan nan
nan nan
nan nan
nan nan
nan nan
nan nan
nan nan
nan nan
nan nan
nan nan
nan nan
nan nan
nan nan
nan nan
nan nan
nan nan
nan nan
nan nan
nan nan
nan nan
nan nan
nan nan
nan nan
nan nan
nan nan
nan nan
nan nan
nan nan
nan nan
nan nan
nan nan
nan nan
-35.762714 10198.626
79.813896 22731.27
-108.694115 21836.02
-83.11616 12100.012
-273.86514 45440.56
-166.6823 12898.597
-24.254139 15071.93
142.25279 50670.625
-45.959496 8437.153
-32.493027 10134.285
-51.945236 27488.203
-33.517548 8767.75
-83.27632 22741.666
-22.6382 11119.438
-72.193726 14678.755
-50.288155 7524.1196
-4.6291504 21453.447
-365.99478 13609.262
-162.62189 6839.594
-755.6103 22865.877
-49.524437 35501.18
-643.40784 21524.516
-365.63898 9057.8545
-374.54797 5413.6553
5.958637 9285.782
-65.76402 7679.652
4.175547 17501.197
-2047.8585 31427.291
-1994.4617 23495.117
nan nan
nan nan
nan nan
nan nan
nan nan
nan nan
nan nan
nan nan
nan nan
nan nan
nan nan
nan nan
nan nan
nan nan
nan nan
nan nan
nan nan
nan nan
nan nan
-113.77505 22704.787
447.5809 45649.38
-172.44617 41655.207
-58.990585 11933.535
-36.79567 9603.062
189.15018 45502.957
-122.935905 27718.344
-55.846817 21755.453
-83.36499 17223.066
-45.69381 17240.057
-139.7124 33116.97
-177.38556 12376.119
-97.713554 12798.541
0.5441584 9009.767
-387.18594 26028.332
-261.52588 41481.793
-5.9516616 13439.604
-4.957034 31025.164
-67.03245 6981.256
693.95575 51548.375
276.81873 46276.355
-41.640083 11314.268
-87.00482 10421.863
-136.70627 14628.753
9.959533 46117.445
3.5083814 13803.982
-296.31302 41483.645
-76.52954 17810.766
-25.737585 8058.45
-9.550311 12450.592
-73.302055 24886.996
-67.6534 10848.704
-72.50391 13065.884
-293.42117 11708.836
-256.32782 11841.154
10.002133 46362.094
-229.56543 38023.688
1.0398318 38085.98
-168.10393 24767.016
-139.92526 18328.727
-695.56433 35216.84
30.99591 11445.879
-878.0246 10828.273
-35.580116 6665.926
-186.98859 9882.376
-105.17518 12907.809
1621.6833 46622.887
-288.59808 16162.046
23.119568 4180.4775
18.259287 11454.186
-346.8997 17204.836
50.613518 24096.418
-575.2267 12750.669
-1515.5558 39072.86
53.100502 48938.414
88.67707 920.3531
-61.017265 3788.7493
148.89961 1121.3741
48.030983 2734.3965
-7.7141895 3368.9172
1144.6022 52465.85
-93.24705 3326.4102
-132.74052 2427.5386
nan nan
nan nan
nan nan
nan nan
nan nan
nan nan
nan nan
nan nan
nan nan
nan nan
nan nan
nan nan
nan nan
nan nan
nan nan
nan nan
nan nan
nan nan
nan nan
nan nan
nan nan
nan nan
nan nan
nan nan
-111.61786 41794.355
-97.121475 23759.516
-65.61435 15127.195
-28.722284 23690.576
-268.82788 35337.65
-3.6706898 20610.846
-260.19852 23515.215
474.4522 50673.71
-422.41388 23145.23
7.177179 15343.312
-69.383606 19108.586
-26.370993 8375.688
-577.4395 34856.65
-549.85077 34833.996
-402.84308 19233.71
-508.7982 30201.27
-645.3912 23737.932
-961.1273 23250.795
25.17718 8416.736
2770.4053 50770.81
-584.6525 21751.52
2.52269 55829.47
18.702286 26620.791
9.647247 15930.124
-931.28674 19403.99
1.0697056 8318.208
17.090523 26523.256
996.2253 47588.246
24.261047 9108.195
29.873991 23305.107
51.30478 14625.621
21.461456 5523.19
-1943.2706 22563.436
12.434674 15699.344
22.865084 11836.974
-1610.2173 15351.451
-217.26971 28983.225
-1956.3378 18062.324
nan nan
nan nan
nan nan
nan nan
nan nan
nan nan
nan nan
nan nan
nan nan
nan nan
nan nan
nan nan
nan nan
nan nan
nan nan
nan nan
nan nan
-22.07158 9807.84
-74.042015 19990.31
-64.68754 24996.652
-31.310955 5467.2983
-86.91401 33273.27
-46.00592 11883.074
-255.61206 30918.932
-145.03731 12693.994
-195.70172 25852.9
-325.13052 9822.198
-50.573086 10342.866
1883.426 47430.926
-125.207 19791.977
-229.62747 13576.18
-1104.5757 32151.639
-26.273996 29201.902
-138.57364 14014.057
-331.4356 10894.561
-120.915665 15415.547
-224.49904 26007.5
1.5149453 16228.429
9.9112425 14339.811
-115.948814 7082.715
-559.7005 12618.183
-135.13383 21150.035
-151.01595 25602.63
-864.54083 17661.854
7.148623 16394.117
11.647245 27759.625
-40.8523 8633.112
1.4517245 15357.019
7.144922 3657.89
10.913257 4933.0024
2.7566798 11977.978
4.495039 633.1214
2.591286 3189.5945
4.405447 3592.6858
1.7742352 2683.1777
3.0160315 1828.8629
83.08372 45848.516
-36.01283 9634.604
-50.68365 18542.45
-23.405712 8194.416
-57.23945 12183.022
-55.899082 10513.185
-75.78876 11862.105
-54.592144 15125.893
-67.668686 17774.36
-58.162056 31100.523
-56.19996 11033.193
-26.201815 44753.79
-13.662853 18229.709
1.2085481 7887.7827
-243.07373 21341.904
-116.28649 12000.896
-658.2672 40304.59
-29.95685 11755.218
13.142332 7258.818
-789.0891 26394.576
-290.7284 7657.846
-416.7619 9341.047
-10.428951 16182.684
-284.144 33360.203
2446.5674 54414.137
-257.16394 10857.421
46.860878 5436.6445
15.525312 5976.873
-77.68064 29895.117
21.975136 9425.736
-236.6977 16715.613
67.83844 10425.303
-701.2025 20200.225
1543.935 63541.023
98.39302 6816.2295
-915.96295 18706.857
-270.91412 7372.722
995.2667 58774.99
478.82727 17227.402
-383.70325 11265.347
1071.6099 60721.344
124.41636 7008.8804
8.219695 7595.598
-213.42708 6127.525
-607.85175 13870.466
-326.51385 10239.536
-622.7062 18363.832
-40.510933 16876.564
4.3011312 9878.791
8.121523 10047.903
-1368.9338 35035.137
-468.209 10744.615
-338.29953 34131.37
-786.51 25907.371
96.55062 26700.195
-711.375 14208.118
-610.9311 10652.34
313.30905 7962.2666
68.216736 6140.8174
-146.13676 3260.225
3.7257645 69922.34
2712.2844 69320.125
-1539.473 29382.012
-101.47582 2136.507
-240.23262 6571.0034
2712.2385 69394.31
-404.62433 10736.653
-206.29362 6910.9307
-348.97888 6890.717
34.1811 17369.014
44.97737 4641.234
-23.947424 1207.6105
153.40666 14308.253
-391.5232 8087.419
-108.178566 17062.494
-320.40564 8104.6836
163.88753 61400.06
31.461102 11296.136
2425.057 56775.836
19.582104 7311.912
103.736 4500.388
39.0336 4408.91
-343.55847 7042.1113
-594.93286 11415.495
-1101.6892 21960.809
7.378759 2709.0623
1189.1792 63650.72
-816.24475 20216.531
11.124243 5275.065
15.893877 56516.35
-937.3595 17485.559
164.40906 4975.1123
176.67363 50053.91
126.62444 29730.186
12.475389 8321.824
15.562118 14898.264
7.8099895 6404.5854
32.115734 12276.159
51.16761 7001.105
-0.6256774 60318.79
29.497253 12086.703
0.26452765 54118.715
37.032017 3112.5837
15.327011 1401.1869
-161.20747 3941.3372
-94.76127 1955.3107
75.45336 4045.999
-288.0681 4948.502
-179.55261 5255.805
-473.27966 10683.419
19.118301 1698.2567
254.40761 4557.34
-55.326393 1077.6584
-753.6532 16275.162
-134.20404 1976.7566
-111.110275 1599.7928
187.43262 14129.982
-72.32548 4792.185
286.64096 52789.996
237.6105 16558.371
79.97512 2615.928
-14.660298 5192.8545
-38.462597 1710.7996
-530.27527 14135.431
168.78934 2250.3857
-142.29944 6563.7363
74.11301 12444.546
11.030658 58883.688
-873.47455 15086.685
62.876034 4887.065
241.0704 5228.0767
111.10243 2862.2595
-4.369701 5932.9985
-1317.5627 31323.754
39.212883 580.0317
139.8417 2854.1118
284.08572 4978.4185
0.4058581 68044.39
-42.08271 5625.6943
-94.125946 3705.1484
349.30624 5669.811
130.33339 2102.5298
-86.90682 4698.4673
-101.67121 1599.443
26.579926 11541.772
34.026176 5279.5107
-683.6901 17839.896
-86.54623 2654.6426
63.093204 8645.23
-118.12356 1983.7949
-171.2515 9923.871
49.252827 4055.385
1307.4784 50878.816
-147.10114 12953.8545
-1040.6088 27134.717
54.427296 10029.291
16.331963 5332.983
1452.3378 52817.316
-4.7782793 2760.2288
-15.83905 2595.7637
-117.5665 2116.8594
-6.7374077 1746.5496
1182.4224 57534.625
1478.3885 50195.137
977.62103 57635.98
-16.716753 11276.321
-143.17148 2377.8032
22.70317 3668.711
8.132639 2127.47
-26.396921 3506.8325
-2.5987744 1281.2064
20.004831 4894.897
1.7013724 49757.723
1.9183471 3972.0293
-242.77144 7733.5596
-374.42316 11647.714
-509.59515 11086.841
-64.30892 1165.7549
-84.91422 3283.0308
-173.49814 5482.5547
-2.6873071 4180.329
10.281719 4853.8306
-1.1207286 3537.4856
13.029503 6028.8066
-83.34886 2228.9238
-149.04298 2768.1252
-199.10632 5346.5645
-26.762836 3164.8955
-24.015875 3314.3381
-13.464483 153.5234
-141.66054 3072.4546
-9.286234 6743.82
25.70514 2581.4175
15.313983 4823.3276
165.73064 7903.171
0.35986587 4350.772
1243.16 49781.54
-90.35077 4984.2583
30.837212 2906.3113
16.601448 1669.8787
6.761511 5737.4634
-87.70207 2054.6238
19.594252 3686.747
-48.954823 2707.5588
4.8988175 345.69168
29.080212 3525.8179
-1.932222 422.60333
18.659777 522.4278
7.539027 4833.693
15.128295 3765.337
34.934673 2177.9353
8.132568 2421.2446
-57.49101 4412.3096
-34.558434 2507.7417
46.707405 2839.7498
16.075014 4664.712
9.205474 2754.738
19.478634 3039.788
-60.990753 2663.027
11.829366 1827.9141
15.361574 45905.883
-15.936628 3526.098
2.9693015 1884.2426
4.585392 45935.035
13.150875 3437.8193
12.6222725 2039.6389
0.47330174 1674.13
-7.5107837 6262.105
7.58429 622.97034
0.35199732 2382.9062
-0.39378777 1718.2369
23.333488 2363.1567
-97.02867 4329.3823
11.351891 2170.377
-0.9595048 5379.3125
0.07535696 3215.6182
8.644853 2347.7234
-197.20448 3944.5974
564.3144 45156.2
-200.39488 3946.044
19.385328 2222.3357
0.63268423 5531.224
11.70543 5345.456
5.653432 2888.606
20.153643 1983.5701
1.5217719 3603.2656
-2.5721772 2772.1614
6.247854 4792.373
-1.7596517 625.6374
26.915697 51876.707
-203.92989 4761.6514
14.444222 1978.26
1.278406 1691.1448
-60.069176 1598.57
-0.16547835 4335.8755
32.81624 2000.2448
3.0881631 5500.728
-2.8220108 7498.855
10.648362 3016.424
25.81476 45575.457
-116.73098 2884.0173
56.86418 3135.9238
29.191975 2476.6504
-0.3853347 46511.59
23.988256 3020.788
-158.0253 2771.9888
-1.358525 4618.703
27.140814 5966.9507
-22.447634 4054.479
-21.180708 1737.5319
-119.74365 3075.2458
32.16747 4328.07
-0.3609037 387.01602
-20.667238 1648.1824
2.8754497 2758.2903
22.67109 3632.1262
3.235343 1950.7549
35.752777 3467.3848
-22.99867 2959.9219
2.1030116 2790.6055
26.981468 46049.73
8.163607 2991.4343
-13.567308 134.06166
8.288186 2988.3333
29.382572 4186.4893
-40.703575 4334.8823
-0.80316013 6065.5024
-55.599667 3864.048
0.36804956 3040.64
0.51981354 3850.4932
1.0482016 1669.0806
-18.964092 3645.784
-1.494038 972.44006
-1.0461143 4962.5396
-14.72481 3715.5312
-0.5134049 621.1297
-23.22731 3865.5137
2.7700555 900.8624
-28.929012 3701.2568
-1.6084352 5766.187
7.612943 2224.8064
-8.181196 2390.381
18.987858 4101.661
-0.89830637 4954.4424
99.54274 49993.785
-0.71809584 2574.7698
-26.936848 4387.787
0.2358534 607.18195
0.46734947 4483.4927
6.9558268 2226.8772
1.784078 4350.8145
-10.513489 1990.509
0.83058965 2465.5159
-78.614784 1509.4102
1.4401165 3788.471
0.01306945 3146.225
-0.10547981 3997.927
1.6515125 983.9776
-85.59185 2133.1216
7.534482 2090.113
0.18535241 4155.0464
2.1884468 3769.9397
19.70547 45409.24
17.164968 1026.4862
17.18617 4890.311
14.775271 3854.0764
4.049463 10397.692
-86.00911 2053.9915
31.889242 3324.655
12.459088 1555.2202
1.2857636 10369.242
16.569492 2766.906
6.896992 2652.0544
0.9275909 1944.712
0.8124525 49955.67
11.748787 4257.312
2.660647 3957.1543
-0.45589748 3329.5237
13.647184 915.3444
-0.8400277 3244.9736
-3.2243707 1492.0621
-1.2107407 958.55536
12.747873 3283.0715
9.7631035 3057.0217
4.253313 3129.2493
-0.369646 47631.38
0.5218898 4005.5093
3.8573842 2857.936
-1.608144 1649.6326
25.922491 2884.8762
5.154239 2847.6401
-225.35533 5131.497
-28.910553 3284.1487
7.3329396 1252.5072
1.2370892 3238.8296
73.68793 49947.914
-80.93914 1361.7096
28.857845 4486.9907
1.060393 808.63513
2.1107953 2821.0344
3.8699834 47.580124
-0.03913023 3736.1833
2389.0212 53821.363
2.7762117 2978.505
-0.13325305 3392.568
-0.037561655 2750.0085
-0.19422026 1816.4169
-0.26961938 2802.267
-0.075312085 3200.2515
60.739834 49929.617
-0.01524663 2496.2568
-0.15213399 2804.955
-0.05082861 3058.2832
-0.009581357 1665.5479
-0.10599853 1587.6187
-0.046081297 674.4891
-0.057926167 1176.9116
-0.012034185 1167.2428
-2.2120245 3957.5193
-0.02038891 1025.9795
-0.251747 3599.8833
55.357803 49931.94
49.718754 45391.91
0.6589613 2465.4094
0.0011490821 3909.0444
0.014161599 1880.911
-0.016996967 291.95706
-0.008781106 681.0196
45.002003 45379.67
0.007560837 1685.29
-0.013217304 552.47974
-0.36922735 5764.3213
-0.0297256 853.15955
-0.20014678 3111.3787
-0.0061798478 1907.8058
-0.059080612 51380.86
0.11673744 3520.48
-0.017513717 249.97725
-0.016869389 260.52213
-0.09569593 44152.957
0.053940598 623.4481
-0.055353686 3389.2703
0.0007254032 3198.5632
-0.76340985 901.8818
-0.07647701 5746.5674
-0.2566503 1684.6245
-2.43502 2808.2993
-0.012376871 1180.4675
37.164257 49854.785
-3.470428 3949.0027
0.54716074 5615.4834
-0.15171169 1810.9553
-0.049356077 4751.395
-0.33533898 2405.691
-0.8023042 2847.159
-1.4284862 3133.742
-0.25846836 1449.9177
-0.25810438 1696.2566
-0.11650168 2345.0476
-0.30072454 2231.9993
-0.017690327 2585.9998
-1.0249709 627.32153
-0.06875681 1571.4924
32.810684 45318.133
-0.28638592 4071.4775
2.587372 5231.5996
-0.32754266 3113.5552
-0.06064521 1382.1617
-0.1443083 517.2874
34.69604 49847.69
-0.02130316 1724.9772
0.038130037 51525.316
-0.07318459 2761.769
-0.47902748 5.0376053
-0.05986137 2248.2866
-0.0103471605 1355.7998
-0.037843116 949.6864
-0.005383598 599.41754
0.0020664495 1938.4257
-0.6077714 2810.5938
0.12673806 4031.9998
-0.011159731 2241.92
-0.20628771 1331.1278
-0.15862028 3128.4963
23.492384 45297.69
-0.023091327 4648.6235
24.731384 49823.043
-0.008645887 1630.1129
-0.054032274 46299.49
-0.5019013 2879.4172
-0.06780117 40766.742
-2.085174 1049.4415
-9.347006 2564.0842
10.710338 2606.4377
6.776559 1127.5609
-14.04062 3956.3105
-12.666147 1661.9902
-2.0952778 1479.3999
38.223797 3055.1765
2.655297 624.5586
3.0762882 630.8371
-5.889585 1299.4181
7.911386 1880.0078
-2.8842468 2028.1969
-13.33957 2934.3186
14.192173 5262.387
3.485079 909.0518
5.220994e-11 0.8948607
-7.902315e-10 4470.0327
-5.928706e-10 3166.0925
3.594244e-10 1535.2902
1.6810273e-10 808.6882
-3.4429498e-10 1721.8141
8.644117e-10 4346.7705
9.383632e-11 623.6748
3.8286743e-10 2073.5217
-5.4415705e-10 2381.6995
8.3146573e-10 4024.3176
-4.447758e-10 1923.8455
-2.3334992e-10 794.9613
8.021616e-10 4149.608
4.6070628e-10 2011.1655
5.497133e-11 624.1159
3.0434646e-10 1590.3854
-3.8853e-10 1902.6332
4.2003132e-10 2231.7444
-7.3878087e-10 3732.012
-8.196095e-10 3974.1228
4.9600407e-10 2397.5835
1.8145777e-10 1165.1992
2.892488e-10 1445.2465
8.7379354e-10 4462.726
5.950605e-10 3218.4348
-2.520398e-10 1010.0814
1.1359855e-09 5904.0913
5.6779875e-10 3023.1228
2.401689e-10 1686.8331
-4.1122383e-10 1390.9727
1.8150499e-10 1271.9359
-3.063012e-11 614.6627
-4.3361822e-10 1627.5996
-2.624647e-10 648.43896
-2.7988642e-10 649.43445
1.6592124e-10 1201.27
1.1551363e-10 1052.9058
3.0258068e-10 1908.8932
3.4561998e-10 2333.5432
5.8111696e-11 916.72375
1.5794034e-09 8792.415
-4.6444545e-10 1651.1161
5.768931e-10 3758.977
2.1084931e-10 1811.126
-9.0446865e-11 603.4766
-6.682258e-10 1933.5479
3.0183742e-10 2616.8713
-2.142133e-10 627.08453
5.760436e-10 4184.6
6.866095e-11 1874.9847
-4.137914e-10 971.733
-4.396352e-10 788.29706
3.001585e-11 1060.2489
-2.6489144e-10 2179.678
2.6311814e-10 2608.2048
1.1159255e-10 1478.2214
7.420882e-12 1254.179
-2.6456956e-13 1435.5902
-1.6369128e-10 1436.8163
-4.544881e-10 1649.0406
-3.323421e-10 807.64966
1.0117475e-10 2001.7197
-6.975982e-11 1612.3253
-2.3044777e-10 607.0808
-2.152268e-10 1101.1895
-2.1395316e-10 2117.0498
-2.9915143e-10 5092.2954
-1.0255397e-09 3345.5593
-1.9771183e-10 2410.1667
2.0250294e-11 1893.1079
-2.1786475e-10 532.55475
-6.6998807e-10 2542.0286
-6.103575e-10 1737.9456
-5.096254e-10 1352.5992
-2.853205e-10 641.65765
4.9075133e-10 2869.8547
8.476926e-10 4805.709
-7.869564e-10 3655.7605
-2.3882563e-10 2694.7808
-4.5052068e-10 1896.4926
-3.3871048e-10 1124.1199
7.164024e-10 3738.221
-4.6787646e-10 2100.205
-4.4473666e-10 2315.915
-1.1685221e-09 5957.325
-4.2520545e-10 2111.4023
2.6819602e-10 1439.7711
-2.476638e-10 1329.0468
6.333635e-10 2835.315
4.4536222e-10 2073.1023
-4.480862e-10 2462.645
-2.3188579e-10 947.9752
-3.659873e-10 1844.3591
3.8630726e-10 1634.8087
-8.8910596e-10 4524.9883
2.5953542e-10 1001.7721
6.7477485e-10 2967.0962
-4.8730453e-10 2839.6133
5.393952e-10 2453.885
2.059183e-10 1048.6207
-1.5595882e-10 682.1868
9.605513e-10 4339.007
3.2472855e-10 1217.2262
-3.2555034e-10 1443.3884
-3.7286485e-10 1948.4329
8.918453e-10 4263.883
-1.2899663e-10 822.25354
5.9742683e-10 2709.6902
-6.246203e-10 3256.4666
-3.5831518e-10 1712.3213
6.2163236e-10 2858.9226
4.5804127e-10 2067.7659
7.32992e-10 3529.0823
1.7994745e-10 814.8665
4.2909423e-11 647.5824
-2.801738e-10 973.77405
4.1816045e-10 2159.2927
-2.3029827e-10 942.67365
1.8806355e-10 1191.7609
5.6993826e-10 3134.307
-4.6393742e-10 2020.4901
4.8280473e-11 707.113
6.222768e-10 3496.417
-6.266133e-10 2736.8364
2.9490704e-10 2003.7704
3.8518827e-11 623.746
20.592314 4643.972
9.55634 2171.5784
5.0555663 1328.6827
5.0692816 952.3991
17.147905 2591.629
-5.7403765 1539.3182
15.150538 2705.2664
-11.562575 1889.5844
35.180847 3658.6829
8.563226 941.15216
-2.1045766 1538.3931
-20.869688 2924.34
-1.0462892 801.51843
6.8969755 1879.1494
-7.994518 1019.6812
17.155962 1975.7219
-40.072968 1328.144
6.4643917 4874.7554
0.5371798 1472.6156
-31.78661 2019.1002
3.0339677 865.1799
-0.5395397 2662.758
-23.6178 977.5391
-9.813688 816.05927
10.173223 1467.8578
40.60845 2867.767
-20.819622 923.374
5.626648 5197.817
39.966145 1066.9064
-14.725176 1278.5363
-15.808718 1364.579
109.24568 2652.4097
-2.491514 1585.0564
-1.914572 621.60345
24.638456 2315.7485
-13.263462 830.85345
5.911846 741.8638
-8.099098 644.1615
-2.3276656 1077.7213
-17.873363 2124.4502
-8.430085 828.89874
85.463356 1543.2284
32.903816 2708.4436
3.3999498 1820.9839
20.884157 9800.043
-9.14461 1960.2286
-15.860491 1069.7069
-28.669813 3291.9612
-29.125038 804.37885
-63.5105 1536.0065
-28.624142 5722.0283
-16.81867 1193.1006
57.031258 2011.455
-30.618124 3273.3708
-21.529316 1579.6191
-7.80274 4746.37
-7.3293114 1898.6764
-4.48637 1640.1025
5.95895 452.05212
-19.662941 4681.3237
-8.362808 2033.4196
-5.270382 966.54736
-6.7407846 1262.033
7.765194 2808.9766
-37.06962 12491.42
-98.41916 16066.649
-68.83103 29435.285
-32.369205 23647.703
-68.42202 16456.451
-34.749817 12066.447
-417.45557 35054.055
-1.3029773 10920.402
-133.76837 28794.627
-187.95172 10322.364
-207.12798 23913.664
-481.48352 39052.316
534.5776 48653.74
-76.156395 9952.063
-106.83488 13960.376
-320.8889 18637.658
-286.78342 11300.301
-361.69888 21070.59
4.1693387 9544.889
-26.710705 11089.082
-253.80345 5050.342
-49.999374 6788.9897
-730.07916 16044.435
-769.29126 31877.125
-0.14543858 37243.4
-1631.0863 34972.95
-1201.6675 28309.326
-713.4827 12716.802
1.6824046 26611.81
439.37155 21279.506
-622.115 10679.506
1.5681888 22948.76
69.53129 11156.752
2.35171 10844.228
-0.5750922 13475.794
471.05988 3206.8914
220.51472 4114.1387
110.23647 1813.493
1.2887489 4307.191
-0.062204015 6631.4
339.70734 913.02826
0.10416299 368.2803
0.84453017 106.7298
162.80373 2433.147
0.7217742 154.14403
140.2077 1047.8723
0.9505331 5032.543
193.26485 5211.209
174.01813 7924.0586
64.774445 1049.6277
1640.9261 16215.424
603.3556 2858.4812
2.5873482 161477.47
982.0366 13561.94
10.137032 7614.9927
-222.55191 14450.204
115.02889 2067.3083
81.31574 2282.146
1.1216916 107803.19
305.84113 32921.4
49.360603 17408.42
297.36777 3965.9722
41.16338 7174.808
121.40312 87735.16
225.82103 7410.692
202.11285 10193.739
-230.16072 4029.8032
-255.64438 5419.271
389.78717 1942.66
-445.1278 8404.965
3182.2278 95373.4
560.5458 3994.9731
18.272524 2474.6238
134.93185 5108.4756
-679.0634 12376.619
-202.3972 8625.285
-815.2189 15331.8125
149.62793 3494.8816
-852.14905 15907.669
-31.428423 5717.7275
-79.2543 4919.2334
-460.7644 8343.849
-676.5442 10824.817
41.37412 2199.303
-113.733734 1948.0161
-174.41719 3155.001
-1002.326 26761.316
-157.08533 4744.6665
-33.814095 1282.3596
-297.18164 13979.524
-151.44302 9293.406
-287.90808 9470.108
79.22719 702.32904
-122.10281 11516.463
-723.3162 10418.089
139.45839 2599.1072
-48.17949 2572.1335
66.502975 673.0199
5.7331176 4148.299
3544.7678 72826.8
73.616875 5447.072
100.66481 2289.764
-190.1158 1515.7771
55.10235 2167.4133
-57.66698 1276.9377
-103.0456 8307.026
88.47211 9104.847
26.017302 9728.949
88.44095 5448.102
2757.013 78785.734
44.190067 4857.979
-55.06083 4013.7017
2526.9194 66136.38
1673.9294 64458.53
-112.1169 1496.1936
-64.91208 4881.1113
-385.13623 9201.058
-276.16452 7848.007
-338.5503 6381.2754
832.4798 50475.164
-22.161146 3498.9502
-83.04917 2956.8035
-95.00607 8885.674
-84.63872 4510.637
-92.67978 15259.406
-264.97324 16833.107
202.176 5117.211
-6.3913045 15118.444
-74.51825 1165.0503
0.31642127 50506.78
-2.665497 2050.3347
-164.58392 3008.0027
-173.17955 2895.8093
-62.693134 4286.7896
-194.19537 3449.8586
-46.661774 721.5925
-221.49348 3885.0952
-116.94672 1693.0786
-223.70312 3581.0613
-164.86757 2590.4307
-124.06525 2042.3298
368.2137 47635.586
193.18936 4067.5657
-108.22706 1519.3573
-9.300498 60.28665
-409.41608 6765.6533
-50.951786 628.4153
-121.27804 1665.5612
-60.680332 794.90204
-134.88933 1771.3322
-25.064476 141.34792
-0.923402 2.0426936
289.41367 49325.34
-34.056324 1979.4121
-116.677536 1326.7229
-10.573439 374.7286
-277.56778 3842.28
-11.0723715 484.5249
-66.35763 594.4375
-125.90144 1503.4594
127.8323 49982.348
-4.0931816 2664.9734
-56.56466 427.59845
-0.45366156 135.29669
-72.22542 535.73376
-78.941956 561.2105
-53.308064 308.20624
-19.347107 72.33734
-0.1877063 130.87312
-50.405083 240.12253
-0.23587385 152.00577
-0.25090548 79.99517
-0.014424529 121.07706
18.236355 1231.8802
0.51111585 104.68523
0.05534784 58967.7
-4.328291 3843.2334
-0.100036025 83.09908
61.254555 1700.6802
0.027926287 43615.41
4.5811048 4222.094
-2.0482445 3.7528343
-86.39638 656.0426
14.742913 172.78722
-0.88254976 4388.5234
100.48986 45425.445
0.7271561 661.6567
-0.06037786 1903.8558
-69.730064 670.8359
-7.3773217 133.45341
-3.0357819 3488.0833
104.57927 49960.45
103.55089 49958.64
92.925514 45414.004
-39.596622 2477.5664
-0.5784759 3173.541
-3.714891 7.731729
-0.003516089 46321.184
-1.4245106 2676.7036
-0.3413398 2251.5737
-13.852921 52.653656
-13.166118 62.050354
-34.30469 239.42159
-0.6420231 2491.3098
-36.499866 249.79778
-0.30036715 2262.1226
-0.09260197 1503.0768
-78.83003 749.76843
-7.172686 40.97508
-0.54467404 5979.3164
183.17497 7605.608
-2.101493 2898.5364
-0.22718011 5778.683
-69.29632 583.4987
-45.32716 294.60593
-32.851646 223.58592
-0.377303 2857.9312
-0.29916027 3179.9475
-0.0016821545 43139.34
-0.50442195 3410.6345
-0.3108972 4640.1
-0.0044607483 37888.21
-0.061227206 4036.0417
-5.585882 17.147472
-81.41529 860.0909
-0.057547413 2034.4156
-73.27429 760.4712
-0.40225995 3356.48
-35.45775 205.77406
-0.0049010413 34539.395
63.649864 45338.184
-0.021624736 6587.4414
8.364255 29.082537
-41.920654 213.20674
24.853037 476.9802
-98.025154 832.9386
-10.726355 52.136482
7.3068557 119.70443
24.739946 269.7188
-92.7758 798.66565
-16.592428 87.68095
-39.55111 179.73509
-17.843681 59.52524
21.499466 114.88012
14.563478 45.25824
23.73204 97.72803
4.172917 16.819447
15.036689 79.02528
-0.00023764055 3047.4937
42.61112 1384.8011
18.483875 49.49109
-22.946768 68.64601
-9.707606 16.050941
-22.99103 55.49274
2.419123 2.2040844
18.638697 57.95181
-0.0018067899 35170.562
-0.017546121 4187.4385
-0.0023177706 29068.596
0.079085305 4425.506
-58.36853 511.25107
-57.625103 357.52243
-209.42804 41737.434
-117.164856 41511.82
-30.849882 17733.584
-154.75673 35632.824
-99.4832 20582.045
-42.25619 37799.934
-66.42812 19116.08
-240.2786 19774.357
-15.071985 7413.2026
-82.85094 6841.5728
-50.379272 22700.645
-8.105598 7844.7383
-40.575718 8870.399
-14.447949 7360.729
-14.601439 11195.568
-13.69457 11371.37
848.1521 52328.562
-86.603645 9903.488
291.8271 50985.703
-87.922905 17370.354
-43.406086 9322.862
-215.37572 14142.874
-5.860135 19301.469
-102.46913 19448.102
-14.705973 9817.222
-70.893875 23125.13
-28.35435 16653.547
-21.566244 8743.498
-625.51605 18243.973
-255.25816 9873.232
-45.699627 38048.254
58.667698 16090.075
87.26548 8400.976
-582.1159 13458.103
28.443556 18142.95
-46.207943 13070.669
-27.460705 25634.205
-410.37152 6195.1226
188.21957 9303.117
-77.191246 7621.5605
172.8038 6847.942
-13.050667 5499.9478
3161.9817 92055.67
472.6262 11850.016
6.563003 10765.956
-9.391626 5392.4795
51.786247 8842.431
-96.596985 20085.742
-533.3241 6536.648
230.34271 14108.256
303.6592 76945.67
209.98596 15622.396
-161.1001 9598.988
-151.12076 8399.214
17.616442 10121.602
34.58993 13817.66
-9.024347 3608.8313
76.23927 15325.787
44.70478 11871.784
174.8039 89799.64
28.374117 4341.1514
54.342083 4763.5947
86.33874 8890.002
2703.679 69751.29
-246.49092 14003.917
-249.92847 4661.258
46.495728 6698.4854
2486.978 63775.19
370.03485 9784.726
29.743263 2029.1229
-15.811247 8936.459
-1.9876908 13533.548
-92.341225 22982.146
-309.14612 6873.3325
344.45862 11969.809
-65.70923 4014.9246
-141.58954 3303.9148
124.09281 4538.784
-665.45056 12947.696
-192.75374 5633.322
5.7525897 9127.111
-13.533936 5883.285
-12.7456255 9332.892
147.07837 7756.714
70.4591 8432.19
161.915 74937.82
14.26318 4008.5317
167.41246 11950.083
316.59033 75039.016
489.32718 58894.285
16.525852 2928.343
-75.325745 27348.768
-71.780464 2541.208
2470.883 57320.336
-139.11757 6021.372
-144.30072 2637.899
-200.16455 6065.6157
-18.366716 5176.989
-248.41002 16784.682
-101.51418 2324.8738
-139.09157 5943.406
108.840294 8558.902
12.695098 7006.436
-20.381172 21745.69
-445.6006 10392.403
-136.76947 4719.063
-179.71309 2040.3971
-305.28296 3668.069
-127.676994 3531.9856
-22.557663 4326.517
-149.15489 1360.2971
-85.491646 4153.9736
2445.2585 56323.387
2074.2336 54005.28
120.11665 1830.4966
-53.70984 264.1304
1294.2295 52014.535
-93.673996 5641.6665
83.62181 45518.637
-43.808224 2779.2832
7.3189573 17.56948
-72.20545 512.0954
149.4626 6323.3853
-10.19156 206.14249
-2.9322746 164.72458
-143.70674 1589.9108
-75.58891 634.9831
20.678202 1385.2838
-19.071796 94.02886
-2.4621913 1.4612486
10.095492 79.86711
2723.9172 69920.32
4.674238 2787.058
-34.120552 1223.9609
519.66547 45450.652
8.574387 49922.027
0.53547627 7189.156
-82.31379 4085.896
-34.167896 5729.0693
-12.313111 6187.453
0.98827976 49240.887
0.57653886 44522.63
-27.013529 3633.5967
-16.366552 2423.5605
0.52091604 8486.821
-13.574257 2445.7437
-19.385647 1872.4441
-0.35635248 4070.2126
-41.043488 4341.9575
-0.28094938 636.8011
-2.825103 4961.917
-34.72359 1863.6003
-0.18954213 987.6601
-36.683178 3510.0437
0.8474479 42321.676
-63.232403 5526.017
-0.5019985 685.6301
-19.011858 1462.4417
-41.766857 3858.4944
-5.876156 1851.0015
-19.898788 2628.327
0.05594587 3220.115
0.44139123 41616.91
-46.4388 4125.715
-55.98613 2048.6763
-60.870575 4663.0117
-22.068325 1676.5077
-0.21243669 3947.9248
-89.55184 1713.3875
-0.024202626 3553.3245
0.95122993 39846.09
-38.739033 4230.0615
-116.22186 2341.1025
-122.43951 4308.8955
-4.471135 3228.999
0.87760025 37864.715
0.68490195 38505.22
-134.06227 4557.074
-0.09074542 5250.5645
0.75509053 34688.125
-0.676392 2742.1187
35.826424 2365.5923
-184.39784 3418.4365
-42.28011 4404.6787
0.25446436 5847.6113
-41.07609 3339.3403
-93.80042 6727.0347
-119.33822 6304.775
-270.84744 4847.338
-304.7382 1914.8236
-293.29117 1532.1375
-299.05762 4785.878
-0.68433225 1735.3379
-28.227688 2872.0964
0.7569095 30996.977
-42.774693 1504.1698
-283.03857 1142.502
-107.25778 2771.139
-3.7507362 2894.48
-466.11642 2183.3884
-290.19772 1617.4335
-0.17629428 46620.92
0.63425666 37403.438
-104.798416 2329.217
-258.49576 4379.9717
3.0530176 9134.626
-319.95795 3537.638
-241.26036 1513.4523
-0.10168133 46090.355
-0.3526042 5258.7646
-46.06212 7729.0713
4.0938983 3063.2004
0.3306911 27997.293
-0.2114906 3111.4966
-117.22196 2955.2632
-131.32553 2055.3242
-125.77353 2217.1157
-127.01139 1738.764
-62.638638 4571.495
1.2483522 2330.0679
0.56281334 2393.035
-0.30791473 6551.307
-281.6475 4327.3877
-87.43116 2194.9822
-114.46501 1590.3657
-109.50159 1236.9022
-113.931274 2054.857
0.4651138 25435.754
-261.1486 1964.5872
-153.9901 1408.3242
-121.0967 1138.3839
-77.04504 1294.8007
-0.042475987 5121.331
-159.1709 2334.6028
-121.40229 1054.2869
-165.92938 1667.6073
-170.49207 2765.2095
-121.88896 1006.98755
279.87305 8616.034
1.0196501 23841.418
-220.6399 3537.2632
-73.05713 911.1643
-158.31422 2052.154
-129.52121 1393.7074
235.0279 7500.2324
0.13225783 1023.91455
-75.92111 935.1489
-61.85995 663.265
-65.19039 314.4562
0.15589255 10883.304
-136.39754 1762.6857
0.67849135 15273.09
-113.06493 1167.1625
-8.1036415 361.49994
-39.77844 286.08936
-113.89812 1099.8561
0.65886235 8854.471
-113.93993 1305.6537
277.13495 8750.973
24.17681 1297.0304
1.3436089 22227.42
-58.973537 517.8249
67.1327 1558.305
-89.604706 874.3386
-5.481387 27.799873
-43.02138 2065.2375
-114.12865 3775.778
26.711945 465.5448
-35.724648 182.19919
1066.6434 32200.72
-47.72506 353.92148
-161.22894 35706.086
-63.33176 18508.729
-70.13841 12443.851
-29.207022 7895.4614
-76.226074 19753.717
491.73322 46332.16
-54.19391 15097.7705
-107.374535 21584.223
-12.737313 12738.846
-148.79068 17707.318
-211.4339 22421.727
-208.78426 13948.571
-219.45753 22386.229
-78.22622 10905.93
416.49448 46619.99
-343.59338 20320.64
-157.13457 9426.621
618.66125 46713.906
-1036.3789 44231.38
-449.85043 40640.617
-633.63794 19868.014
232.85725 45857.727
-106.96974 12578.156
-494.63562 37253.395
15.946767 11966.635
19.842058 35921.18
-602.02155 34042.93
-68.12748 9320.855
-261.16626 6641.3447
-492.67773 10899.498
-1080.9148 38267.934
9.08117 10458.535
-564.4128 13243.601
85.844124 13886.212
78.12023 11312.526
-412.07632 9392.106
-1158.4241 22200.97
-745.1718 18280.486
110.28824 5510.3057
242.3459 11216.224
29.08556 11120.571
37.843273 1821.1248
-737.3569 22190.781
-952.8943 28887.96
-325.24496 12700.108
1.968798 103031.36
3226.5647 98101.32
-320.47183 11468.163
52.23691 732.8002
-710.6389 11855.329
-605.05316 23947.463
0.9965355 14457.423
-658.57733 13678.801
29.577234 6636.899
148.77785 6962.68
0.036507335 83992.85
-1555.682 25195.674
168.50487 4351.373
-0.29469913 18686.984
220.84474 6612.7456
-0.02119912 86727.49
-14.259315 4838.5005
31.211405 211.31622
51.627766 1238.3308
169.66588 943.9292
81.89426 2968.057
22.660404 650.1919
-494.678 13182.932
66.806915 1188.5358
1054.9596 56855.824
-62.967667 2834.8254
95.836586 1215.9928
30.961166 1466.3728
-57.64025 1101.7838
61.009933 2146.6587
14.072245 5671.025
16.047186 1648.9739
18.357592 3663.361
-56.00207 2226.1455
-0.14323518 1448.6493
17.274841 2238.1763
152.3033 7454.2627
19.774296 4658.411
-104.616104 1552.6382
39.37522 4114.983
9.425449 3600.8833
14.900986 1080.4921
63.175243 4551.5693
2548.672 60883.355
-137.40167 2218.7686
4.711898 2276.6252
-973.1468 18751.322
37.909122 4662.223
9.73754 7307.91
-406.73517 18556.441
-619.0274 13460.61
-917.4797 16953.32
26.80159 5352.875
7.735014 1668.464
20.410374 10929.752
-562.6476 12391.863
27.635977 5415.2095
-524.739 12507.717
161.17024 21185.727
93.531845 10562.557
107.51975 22614.336
-439.13916 9889.25
-217.61647 7481.95
90.66944 1465.3044
417.31638 61838.312
-344.57507 4762.7456
157.73567 6486.165
124.60358 7981.5625
-335.90845 9510.741
70.316284 4942.0703
-439.6592 6738.0254
58.57562 5781.826
70.61694 10371.657
-223.12885 6502.8545
206.48325 29650.594
111.44323 1378.9264
-111.9432 6983.868
54.83467 2938.2485
-570.5674 7737.8193
147.20326 13537.444
7.3899064 2478.7214
30.494265 4209.947
0.41590503 96649.984
99.42778 20633.357
2749.1167 78407.38
227.35086 26605.16
63.070984 1927.6058
28.369955 10800.685
65.823 14335.935
78.11377 2178.6382
87.966866 7634.5723
10.418889 7908.7124
-0.06670361 6214.1865
77.80887 14313.466
35.82701 9051.527
-213.66302 3005.5117
59.847885 8267.859
45.589817 7036.3003
40.922653 52365.37
83.14698 18003.316
93.67668 1833.0491
5.5507045 6204.8604
8.602236 2169.9487
88.54239 14896.957
-225.8946 3617.1824
30.113596 1182.3042
127.626854 7847.9473
13.863026 5356.7847
-604.8394 9330.967
0.08973591 77235.64
61.90141 5262.2124
19.654547 3986.4993
40.74282 1862.0098
19.394344 7444.309
0.09352683 69158.19
11.686062 13901.094
148.09474 17659.518
58.169132 5412.591
33.80687 3136.1646
67.74824 20547.008
44.216038 9277.882
15.893299 13231.45
-203.83817 2970.9248
57.886032 10064.264
70.86759 11159.5205
32.61905 7947.509
1.9909955 5512.3765
66.92902 5831.0537
35.184837 1829.5996
44.707806 4240.18
-215.9996 3033.0127
0.11888193 537.08673
86.229324 5038.4414
-0.0113504315 753.7078
-0.09749702 3494.318
1.2791566 11124.5
-0.0821832 742.1892
9.197796 195.33852
0.10079891 76023.484
11.995366 6839.915
56.68398 2905.09
2.741528 3780.944
3.6288285 3984.273
-0.92248833 623.2572
133.59074 49996.25
0.1898002 3657.9717
-0.09296723 667.3636
117.46683 45445.184
0.50182617 2380.1558
8.952363 3011.3342
-0.13871199 226.4685
-1.1325057 4204.69
-0.34625596 2487.1514
-0.13083808 5818.9937
-0.6374606 3785.96
-0.10085197 3337.1345
-0.12597896 258.4105
-2.8354435 4202.9
-0.63863397 3511.9292
0.2960424 2952.656
0.34991154 2331.177
-0.16934937 542.8599
0.3860726 2387.4124
5.267471 141.68909
0.10186166 67988.98
0.11712473 1792.2319
30.058311 6393.558
-2.9518647 4243.599
-3.4034648 6008.389
0.7239845 5706.9927
-2.6403651 10575.209
0.7398038 6425.644
-1.8522351 5773.7246
46.51808 27621.646
1.3617604 6679.676
-0.002190184 4664.992
0.0235051 28.578384
1.9285079 13948.498
1.7108363 2600.2043
33.09276 47362.156
-146.59816 4627.83
3.62606 2588.454
9.674094 8642.839
0.20150825 3294.395
0.04521091 21193.088
0.25682765 4437.3
0.16910386 53390.84
4.303361 16206.375
0.29257852 1597.0027
25.802778 51422.8
2.9868813 1964.6885
0.9235303 989.8979
0.6183894 2397.8184
-0.49501467 5316.02
-0.6000016 4044.0842
20.672892 3552.3286
1.501404 2722.8115
-0.65548325 2446.2446
-128.34825 4593.5425
0.67621213 3466.793
26.554329 3877.43
2.2879052 16467.012
0.95398843 3411.3643
7.5618773 1711.5632
-2.9349647 9108.859
110.94186 49984.305
1.8272473 2316.5242
-1.4349928 4256.1997
0.74032193 2860.0952
0.08067511 1796.3978
0.049795378 1300.5266
-1.0987326 5278.9307
0.013569067 2661.0867
-0.19727245 2265.7253
0.21940778 625.3921
40.00482 18510.922
-2.0722804 3617.618
0.18937439 588.4698
5.664481 4994.956
43.89644 45440.14
-0.6993174 3202.6016
-0.07628291 3518.1914
0.0884136 3260.5425
95.1416 45429.777
0.39464405 3966.6057
0.63248396 4311.977
-0.023929156 625.2544
0.068693295 1522.652
0.15215233 317.8563
91.54749 45422.375
-0.00027464927 2293.5032
0.16919042 274.0475
97.91712 49959.75
-0.22441432 2686.3474
0.01753902 2479.909
-0.010974926 64232.688
-0.7456587 2815.895
-0.16105491 640.95056
2.528412 2866.6
-0.02317816 253.93764
1.8650275 4568.811
0.1309642 1676.8357
0.18602464 105.29933
10.203853 11353.452
-0.061284024 2341.1262
-0.17899415 2003.4711
-1.3088654 3319.8567
-0.5057858 3095.3535
-0.029497657 472.64548
-0.07602966 3932.1377
-0.008738325 410.1217
0.23994036 1682.2378
-0.069489665 774.7837
-0.30430937 2657.3716
-2.23654 4187.5806
-0.1046907 574.60046
-0.93441975 2652.159
-0.04484845 1174.9266
-0.004081155 712.472
0.34130463 639.9236
-0.08072338 2432.2805
-0.067110725 1000.4293
-2.1709998 2979.2917
4.945143 2839.1052
-1.3384287 4805.579
-1.0081685 3790.6777
79.3482 45412.61
-0.29790485 2063.5452
6.1454616 1308.7299
-0.14269106 86.291084
-0.005380448 1110.2422
75.40631 45404.285
-0.26128367 6568.5103
-103.55706 2616.1868
5.484009 931.2747
-2.1128104 3485.7861
-0.09239005 825.6283
-2.1817422 4204.176
69.28368 45390.586
2.3323894 3226.165
0.004217492 2052.6309
4.326262 6344.3154
-0.13599047 2624.8118
0.05838277 324.19644
0.045609888 259.76254
-0.03202559 82.336975
0.17834242 236.96342
0.02151183 50.96317
2.1998909 158.94156
-0.68515897 5527.888
0.01928979 253.679
-1.7924112 3164.7744
-0.013383264 390.03778
0.0077710976 2816.18
0.009728013 74.105736
-1.4060731 2644.7659
-0.13794361 347.78397
-0.012821924 2.7321033
-0.0037277287 858.2415
0.39784 2024.0533
-1.1400671 2837.226
0.019187752 25.378693
-0.081070155 463.07053
0.93264115 4279.204
0.48943314 710.153
7.757366 7169.44
0.26427087 623.5181
-1.8718047 2619.0442
-0.0013312609 966.47797
-0.025068166 285.55536
-0.5738567 1741.3257
-1.9045906 2347.746
-0.9304687 3381.3652
0.01885251 1551.3835
-0.018369852 364.26266
-1.3836687 3336.2236
0.011798511 65615.14
-0.54512274 4027.9497
-0.1145237 617.27795
0.0008463769 620.42865
0.065210365 210.37318
4.385452 5100.5015
18.756538 15125.786
-0.6851861 2483.8481
0.051517963 161.69087
-0.061674457 1082.3003
-2.482478 3880.3691
-0.008111218 50.63592
55.59977 45372.684
0.1479827 3495.973
-0.008786399 524.84644
1.375521 3480.017
-0.08380399 2840.5208
-0.060188062 2625.1946
-0.025580509 165.92488
0.045201305 2592.9634
-0.0011531761 666.45197
-2.4734366 4233.639
-0.06392997 1822.1298
52.163994 49889.445
45.837265 45350.94
-0.0568797 1551.9061
0.05652016 3054.561
-0.28544846 30.365122
0.18295835 3001.7805
0.027952997 9.379013
-0.6830818 2225.4426
0.014580344 1375.6604
0.13697684 660.00885
-0.10383911 1358.8251
-0.7131105 2891.3958
-0.07333252 2977.5261
0.0071195033 6050.6196
0.003364139 460.12466
34.644466 49854.23
-0.029095821 2582.6255
0.023272783 3596.7273
-0.08556386 1213.5067
-0.0013472626 320.28214
0.1863755 2259.796
-0.03187262 169.04314
-0.3222093 4915.602
-0.15859686 2930.2144
-0.0026923558 67.43937
-0.49222997 3921.15
-0.00084187055 108.931175
-1.6358174 3248.8794
-0.01888544 216.87292
0.35258505 2508.8364
-0.0020666006 3537.3599
-0.05304115 3474.8787
-0.0035544008 62089.887
-0.027216325 2709.2864
-0.7905044 628.14453
-0.40610212 2905.2554
-3.399358 4465.4253
0.22681737 53578.633
-0.00038659628 1830.923
0.021189436 525.8655
0.00039902877 1518.5918
0.024408903 3099.7417
-0.266205 2309.423
-0.040326603 2993.5984
0.0062677497 1756.3632
0.032359947 1387.7355
0.0053508473 836.2366
20.598606 45299.35
-0.0010856135 1614.155
-0.0020850503 1856.2833
-0.015654247 2467.2766
-0.0032896244 6027.582
-0.19781645 2620.4136
-0.3855855 2949.9636
-0.0016603682 1549.9008
-0.06368748 2435.993
-0.38309696 3139.5242
-0.051426135 3298.143
-0.53996676 629.81287
-0.009438533 2033.997
-0.0014653224 1271.3357
-0.00044604094 1881.6206
13.127024 45244.863
-0.024826396 2954.1965
11.834667 45236.246
-0.2395507 2519.7366
-0.013165422 1225.1488
-1.413573 3198.9617
-0.0069025797 1502.938
-0.03110762 621.44073
8.759071 49722.457
-0.286632 2410.3481
-0.6647918 2608.1736
-0.0017832507 1333.8162
-0.0058316 1393.7703
-0.13521336 2012.08
-0.005086567 1824.3594
-0.0067880847 6795.1562
-0.15746541 2817.4448
-0.93471545 2827.0505
-0.17293331 3539.6697
0.0016119279 1200.0703
-0.19178179 2516.1946
-0.4604257 3720.7292
-0.0030385596 480.83646
0.005975093 1970.6722
-0.002581512 2267.5476
3.2000282 45166.8
0.002030368 1600.5454
0.0014170195 7096.972
-0.305644 2643.1245
-0.014045752 1854.9337
-0.7393824 3230.01
-0.5700423 3735.5007
0.2225252 4954.5327
-0.23961401 2344.599
2.058361 45095.57
-0.36327797 3938.7646
-0.03547152 2672.0608
-0.64327526 4115.6943
-0.0036990386 1078.613
0.0065342626 509.27185
-0.41758546 2893.8545
0.00833242 977.6834
-0.0066043125 2807.6326
-0.076171294 5201.26
-0.97652286 3384.4028
0.00027602064 1141.2416
-0.08801603 3420.8435
0.061915603 871.4257
0.0071898703 486.2645
0.050267156 4620.186
-0.31212887 3597.6548
1.1888255 49527.535
0.023772893 3260.5378
0.011097847 47487.496
-0.47049367 5062.859
-0.9889512 2765.2117
-0.0016720148 1104.0326
-0.06262027 2039.5026
0.5990479 44966.25
0.3016952 3173.0923
-0.46019882 3052.921
-0.0553494 819.4731
0.49755722 2466.121
0.049766887 606.4363
0.016841047 844.09863
-0.030933743 22.800089
-0.003941458 1188.7079
-0.00033631327 961.1402
-2.821773 4653.1597
-0.38322124 1770.0985
-5.9283767 3703.8486
0.10190544 1640.29
-9.043005 5139.8843
-2.2673802 2396.7307
0.23296678 44874.79
-3.922111 2423.2605
-4.009258 2725.3896
-4.7797475 44927.477
-0.25449616 2632.4292
-0.00069980015 769.0064
-0.018939467 2232.9048
1.9803051 3665.8562
11.829779 2396.3994
-0.29719418 2329.4604
-0.11593505 3301.521
-0.02842502 3477.7214
-0.00019009209 1001.77356
-0.18853764 2533.0457
-0.62519056 2334.7407
-0.8625293 2610.0046
-0.120460644 2179.6267
-0.0032265938 1036.6215
-0.0007127959 1025.8838
-0.34619915 1450.711
0.017524919 2124.7039
0.008202363 10201.043
-1.0587797 4571.7285
1.9389725 3551.3047
0.008055557 566.922
0.00041336223 727.61487
-0.10109279 3488.3528
0.038332686 49161.773
-0.030869983 2667.7356
-0.0031028967 678.03424
0.021470716 44645.69
-0.00023683255 856.425
-0.005789129 2904.8572
-0.54516244 2595.9016
0.009256239 113.78953
-0.00086896506 684.11566
0.04250089 152.12907
0.01125557 3017.7908
-0.0011257447 561.80225
-0.004309941 208.78764
-0.2189351 5725.521
4.8756232e-05 50349.188
-0.065590575 2380.9548
-0.015567174 2347.7363
0.002746216 199.95732
0.010247772 457.72922
-0.09907031 1385.3323
-0.69443965 1748.762
-0.055496946 3356.5852
-0.1690368 2393.7053
-0.7042771 2894.557
-0.0015085869 2051.0037
2.9741188e-06 469.17743
-1.8479397e-05 579.9901
-0.015602855 3282.932
-0.0004757917 705.7802
0.00038478844 1713.7571
0.005064633 1143.3462
0.0006345038 1050.6876
0.017610252 96.31212
-0.5907197 2560.3105
-0.00029582123 1518.4398
-0.27442503 2343.378
0.012059991 46483.31
-0.12589031 2960.9941
0.010078337 227.66994
-0.37439907 3149.6677
-0.17051308 4691.2207
0.0045055104 440.5006
-0.0022141165 2513.0369
-0.00059796567 362.58167
-0.0001466681 695.3897
5.6767178e-05 144.86674
0.0029487563 308.1728
0.010912927 488.80264
0.0002450108 11.346952
0.0010741546 585.91064
3.7305545e-05 6.243264
0.00066082116 49726.016
-0.03066965 2426.445
0.0011835925 79.63723
-0.05696303 3118.8884
0.00031590575 60.386963
0.0011854626 290.4807
-0.0024838161 2233.9028
-0.060955435 3109.7554
-0.00846317 3034.6448
-0.0009465599 3418.036
-0.26015055 3684.526
0.028951827 431.22263
0.0011815784 11416.3
-0.002500359 3146.1626
-0.0009230188 679.6818
0.0011351642 2084.6516
1.2399144 2195.4485
0.033726912 814.2481
-0.03057459 2395.1218
0.00050453696 539.4333
0.014739063 3093.0881
0.0007311937 429.67722
-0.00025495535 5.0407624
0.00404811 1720.2026
-0.0008866987 2437.7974
0.0010337799 2377.817
-0.005079952 3915.5828
0.07198537 3526.7632
0.006089008 356.72638
0.0007327672 849.3897
-0.34345987 666.7973
-0.011854474 2273.2207
-0.03531032 3400.6052
0.0008374762 46.097206
0.07862142 1992.2025
-0.02117272 633.41473
-0.005008752 1800.141
-0.0032880702 2348.9736
0.014127597 49219.26
0.040035002 4241.054
0.12763074 3207.0398
0.0055953804 44626.004
-0.034702137 2502.3884
0.4259624 2882.6877
0.00017051144 50100.07
0.001235774 48839.117
-0.0017837789 2862.7568
0.16331299 3505.4927
-0.0030212589 2173.2231
-0.008302893 3.4982605
0.019615812 7482.987
-0.006997757 2540.8057
-1.8689689e-05 10801.922
-1.3636153e-05 5035.5737
-0.008333296 3857.2156
-0.00011998553 737.7884
5.0106264e-05 91.629074
-0.0001736162 7909.449
5.0014532e-05 48500.742
-0.0006222941 3541.0037
-0.00073319295 1601.7291
-2.0478683e-07 4171.0034
7.446587e-06 2747.6147
8.769629e-07 603.6169
-0.0006864769 2733.1392
4.52372e-06 4153.6284
1.8489905e-05 3583.6956
-0.0007211479 9137.54
-0.00023149123 3576.896
-0.0017880244 3230.93
0.00016786838 1379.4036
-0.0006162734 4872.6265
-0.0032494634 4533.102
-5.716196e-06 1419.663
-8.697526e-05 119.59673
-0.00020676975 2928.8213
8.99127e-06 542.02466
4.5799774e-05 1864.0564
-2.8812445e-05 2899.7263
0.00019059402 847.7432
1.2769525e-05 2671.7666
0.00011101394 1073.6351
8.540282e-06 43872.242
-0.0012713477 2465.5898
9.0865746e-05 771.64484
-0.0 48140.215
8.692461e-05 3674.5427
-0.0012440381 5713.676
1.4354061e-05 352.26376
-0.0024489048 2181.9954
3.849554e-05 11309.783
-0.0024694914 2787.394
0.00019668779 381.46808
-4.144337e-06 44696.15
2.1562157e-05 2715.112
-0.0 43398.14
-0.0 47628.457
-2.8441255e-07 2607.1045
-3.9484894e-06 1763.6757
-6.658154e-05 4137.252
-6.9496133e-07 1761.15
-5.494067e-05 3300.0366
-5.991255e-08 859.9991
-7.84133e-06 3663.7646
-0.0002363364 3318.0146
-3.9113504e-05 3223.4875
5.316423e-07 813.1826
5.5028727e-07 4037.769
6.958087e-07 2052.9639
2.9455134e-07 1508.8773
-0.0 36148.68
-0.0 42766.004
-2.0576681e-07 1474.7264
6.131788e-07 2862.7644
-3.3853416e-05 2431.0286
1.8179742e-06 481.56454
-3.0603292e-06 2873.8545
9.318456e-08 2732.0442
0.0004540639 688.276
1.4253214e-05 690.6145
-0.0 46549.164
1.3413812e-06 1891.965
-3.481462e-06 2295.215
-0.00014816922 3741.535
-2.6889402e-06 224.96194
-0.0 1168.6008
-0.0 42223.81
-1.6175369e-05 3381.6633
1.4953162e-07 3137.4043
-6.7140274e-05 4415.7236
-0.00060062914 4182.731
1.4158819e-07 86.13418
3.334117e-05 2042.5687
-6.450695e-05 3546.2954
-1.1564912e-05 1896.7943
4.8651036e-06 312.15427
-0.0 46266.22
-3.6801015e-05 3871.308
1.1428807e-05 53.432808
2.6989158e-06 122.04576
0.00012362062 2497.0774
2.2226104e-05 186.46046
-0.0 51054.812
3.3891579e-06 2244.44
-0.0 2337.3035
6.6814373e-06 2972.8022
7.1621525e-06 23050.352
-0.0 3854.9429
0.00059694523 1470.3229
3.2395326e-06 15237.289
-9.25221e-08 3180.7478
2.5198116e-08 2419.5242
8.489157e-06 3114.146
5.5177143e-06 3824.048
-0.0 35362.93
-0.0 41924.496
5.538025e-08 4333.0503
2.5672847e-07 2696.9812
-0.0 4470.331
0.0014359435 187.98209
2.3769512e-07 8310.61
-0.0 46371.3
-3.8103165e-06 3365.4653
2.325129e-05 3557.2495
0.0031811632 3433.9739
5.1839466e-05 4101.6943
1.5965127e-06 1875.5333
2.8836743e-05 1642.8156
0.00010832898 1493.9146
0.059999887 829.64716
2.749023e-05 1179.3627
0.00020257825 978.34015
0.0057298047 3080.394
0.27019182 3597.9678
0.0021848476 737.9222
3.1689553 2213.0938
0.00093728985 885.43524
1.3323019 2227.0588
-0.0 42142.88
0.34283343 2443.0542
2.2526524 404.4075
3.23225 48097.387
16.66981 3719.453
0.18104966 292.65677
-4.0881427e-05 113.62626
-0.002928497 3271.3062
8.385258 145.22516
0.33858 3209.5828
24.846504 2821.7153
-5.8483553 2271.0684
-5.304865e-06 48231.32
-0.033408757 2831.041
0.03754007 512.7199
-0.1899505 8690.4375
7.8605933 3977.09
-0.265069 2420.7756
-1.2089192 110.56968
-0.0005879593 3563.2468
-3.905578 2334.1057
-0.30086422 3034.143
-0.038375635 2836.133
-0.03445519 1856.8271
-1.7805325e-05 324.63773
-3.4177617e-06 32151.697
-0.0028310537 3726.067
-0.018974219 2453.387
-0.0 6548.8926
0.0027506177 3073.4482
-0.0 42119.395
-0.066579126 2799.981
0.3072816 3912.6013
0.00020648265 682.29803
-2.093236e-05 1929.6212
0.23182416 189.0643
0.010391725 2642.3284
0.0038861237 598.46436
7.593198e-05 792.68036
-0.0 11298.156
-0.0 42241.42
6.273356e-06 2095.1414
2.1610404e-06 36.62929
1.5615023 3969.995
0.0005925231 2690.0432
-0.0016275086 1585.7749
5.272638e-05 6127.86
3.1098548e-06 282.60522
1.724191e-05 6404.667
-3.3364257e-05 4283.1855
-0.0 5553.013
0.00033240297 2037.0844
5.5486976e-07 672.52094
8.890976e-05 23349.34
5.6998826e-05 1929.416
-2.8838456e-05 2501.8772
-2.5731607e-08 776.8348
-1.6594664e-05 1169.6664
-4.478043e-06 2815.9946
0.0075512417 324.6941
-1.6754235e-07 1083.12
-0.00025184298 775.6186
-0.00012102513 584.962
-0.0 1641.6288
-0.0 46687.535
-4.6882914e-08 4664.549
2.9808762 331.2838
7.078413e-05 2946.626
2.4888159e-05 77.996956
5.618173e-06 273.5554
-0.15471156 3723.4668
-0.00029306332 2880.985
0.00023223969 2253.2505
-2.2033411e-05 3786.0884
2.4602426e-05 61.46111
1.2664921e-06 1811.8513
-0.0018790141 2239.5396
-0.5288167 4264.935
-1.7431585e-05 30.956587
2.5825326e-05 24.93602
-1.9257433e-05 2519.5127
-0.0007473429 3518.8442
-0.0 1697.1848
-1.6971816e-07 2379.2292
-5.6357335e-06 2532.4749
4.9505506e-05 2342.8975
0.19251524 4842.599
-0.00011743217 4553.4536
-1.5058236e-05 175.66663
-0.0 47051.594
4.8528855e-06 1171.8499
-1.1886073e-05 4430.149
1.2564569e-05 16198.694
-0.31802043 4724.903
-8.037883e-07 31.597599
-0.0011254427 2526.9363
9.301325e-09 3847.4639
-0.29657823 26.375113
-0.00012568902 1722.8469
-4.0881452e-05 125.22107
-0.00038769963 5331.539
-0.0 1808.2471
1.97031e-05 6842.253
8.8198436e-07 54.853252
0.0001466435 22330.732
-0.0 42370.44
-4.9175196e-07 3651.438
1.1276192e-07 773.01855
3.5584728e-06 419.9666
0.00019767699 14118.258
-8.354401e-06 3576.5737
-0.0 10097.55
-3.28539e-05 3762.4097
-4.8940624e-06 3917.085
9.614164e-09 3057.0215
2.25001e-06 288.46756
3.6025785e-08 11377.838
1.947812e-07 7392.2334
-2.1699321e-07 2633.082
-0.0 2833.4045
5.864865e-05 9879.707
7.7922415e-08 2885.8713
-8.506587e-09 2199.0554
1.8870992e-07 1961.2815
6.781503e-07 3211.3313
-1.8791594e-07 3508.3408
2.2304233e-05 2172.9531
-0.0 2360.6855
1.0358814e-06 2038.9365
-1.9125955e-06 3084.8801
4.2430224e-06 1253.2864
6.7438657e-07 10747.933
6.205304e-06 1070.9276
5.1737778e-05 688.13464
-1.3012594e-05 3272.9514
1.0509339e-05 7748.895
-1.2896425e-06 1679.0753
7.1489563e-07 482.64542
1.4448222e-05 894.95654
-0.0 42517.633
-1.8948182e-06 1604.6184
-1.0672932e-06 2750.6343
2.372197e-06 552.53033
1.642278e-07 21619.277
-3.7676517e-05 3568.7747
3.8006092e-06 156.28996
-1.3050283e-07 3425.5076
-0.0 46041.75
1.6187434e-08 3738.5608
2.6793177e-06 9254.621
-9.7931086e-05 2326.2236
-0.0 114.719666
-0.0 5940.057
-3.1647373e-06 3092.455
6.064664e-10 235.98203
-0.0 2074.1533
4.711293e-10 1713.8688
-0.0 1904.635
7.18427e-08 1253.1516
-0.0 2178.0747
-0.0 2848.132
-0.0 4873.876
-0.0 4132.7056
1.4102781e-08 805.98456
-1.1129854e-07 1885.206
3.9094067e-07 367.38187
-0.0 223.11452
1.515822e-06 2219.609
-0.0 3280.481
-0.0 2533.2493
-0.0 727.1075
-0.0 425.24954
-0.0 805.6452
1.3314234e-07 635.5015
5.5513925e-07 2894.8962
-0.0 140.19846
-0.0 3314.4507
6.8621226e-08 1974.38
3.8041545e-08 21.483665
4.2386517e-08 9.155323
-0.0 4990.72
-9.558686e-07 5455.143
-5.61991e-10 2428.1582
-6.9130394e-08 2177.5906
-1.1177057e-05 65.58571
-1.7617236e-07 5344.02
2.5201061e-06 4466.6763
-1.8903733e-06 1581.5542
-0.0 4638.4746
-2.9580409e-07 4169.742
-1.7803372e-07 2600.857
8.581619e-09 3243.5103
3.5688507e-07 3825.3984
4.853554e-07 55300.77
-6.006756e-08 4099.1987
-5.582245e-09 2259.1743
-0.0 46750.18
-0.0 3201.1587
8.611336e-06 456.89484
4.327449e-07 67.64603
-0.0 42269.6
-0.0 2383.217
-1.2245154e-06 4381.8037
-6.710157e-06 5926.003
-0.0 48118.87
-9.409579e-08 2271.4673
4.9231875e-07 537.6849
1.1257847e-05 5422.3403
-2.350551e-06 2099.4702
1.2243091e-06 5163.481
-0.0 4630.4897
-5.780091e-07 3424.3152
-1.670804e-07 2818.1643
-1.7724781e-06 1861.7656
-0.0 1734.8658
-3.0115022e-09 2902.4675
-3.6332423e-07 535.65717
0.0002676812 319.39108
2.2733089e-09 1756.7821
-4.1119933e-05 1086.3491
-4.5849856e-06 1409.0486
-0.0 636.71674
1.6150947e-09 2719.3271
-1.0831275e-06 541.7443
-0.0 2991.295
