-0.88121873 0.19400616
0.18647264 0.018447129
-0.8579533 0.189514
0.45720848 0.050427858
0.17577595 0.015354143
-0.036515705 0.01547212
0.31352234 0.07343348
-0.105779886 0.00933181
-0.04614714 0.0062210513
0.034385726 0.0038244948
0.119413905 0.006206267
0.01648245 0.002295717
-0.017126659 0.0020377852
-0.10001644 0.023083739
-0.49826828 0.07354114
0.41819227 0.09236322
-0.05436151 0.007573968
0.13163018 0.015167479
-0.13611105 0.007570229
-0.9024419 0.18729219
0.18348628 0.026377195
-0.0093096215 0.015098548
0.042142417 0.008335447
0.11853515 0.033956964
-0.099064685 0.0075776703
0.6720268 0.11546738
