-21.99628 32.743435
nan 72684856.0
nan nan
nan nan
nan nan
nan nan
nan nan
nan nan
nan nan
nan nan
nan nan
nan nan
nan nan
nan nan
nan nan
84.795815 56.258686
nan 1844638.0
nan nan
1.6952376 0.5307426
-0.0 16529282.0
nan nan
nan nan
nan nan
nan nan
nan nan
nan nan
nan nan
nan nan
nan nan
nan nan
nan nan
nan nan
nan nan
nan nan
nan nan
nan nan
nan nan
nan nan
nan nan
nan nan
nan nan
nan nan
nan nan
nan nan
nan nan
nan nan
nan nan
nan nan
nan nan
nan nan
14.477652 19.318607
29.17206 5.0607696
-0.0 4711.678
nan nan
-8.241708 2.234811
nan 152038080.0
nan nan
nan nan
nan nan
nan nan
nan nan
nan nan
nan nan
nan nan
nan nan
nan nan
nan nan
nan nan
nan nan
nan nan
nan nan
nan nan
nan nan
nan nan
nan nan
nan nan
nan nan
nan nan
nan nan
nan nan
nan nan
nan nan
nan nan
nan nan
nan nan
nan nan
nan nan
nan nan
nan nan
nan nan
nan nan
nan nan
nan nan
nan nan
nan nan
nan nan
nan nan
nan nan
nan nan
nan nan
nan nan
nan nan
nan nan
nan nan
nan nan
nan nan
nan nan
nan nan
nan nan
nan nan
nan nan
nan nan
nan nan
nan nan
nan nan
nan nan
nan nan
nan nan
nan nan
nan nan
nan nan
nan nan
-13.0805235 0.65899
nan 77738184.0
12.136528 3.448375
nan 917811.8
3.2567203 1.1587119
-134.1781 40.698288
-7.96307 2.733205
nan 191105970.0
nan nan
nan nan
nan nan
0.25652543 0.018539656
37.98977 57.975494
nan 9226418.0
nan nan
nan nan
nan nan
-74.29331 74.94485
nan 106833000.0
nan nan
nan nan
nan nan
3.755628 0.37173063
-4.7393975 14.686383
31.746557 16.64443
nan 211589.89
nan nan
nan nan
23.975687 4.1733704
-3.2220502 342.86676
7.334134 28.177956
0.10287827 0.0016955822
-0.0 532.43304
0.88397634 0.21983421
10.436275 3.0232892
-0.7155552 0.21882273
3.168079 0.8447255
-2.7490861 0.5739176
0.060719542 0.004115758
-0.0033975558 0.0004590619
0.004500462 0.91311246
-0.15109193 0.23255394
0.5495974 0.6537646
0.0 10.923467
-2.6086333 4.2853465
-0.23257454 3.7281406
-0.06998414 0.18034185
2.4867449 0.31499252
0.08337419 0.03861455
-0.15297465 1.695264
0.0013295886 7.1356454
-0.025863638 0.99249476
-0.2894547 0.82204103
-0.06575805 0.00044842786
0.007900298 7.6837983e-07
-0.029820986 0.0010142337
0.13038997 0.010545421
-0.2275889 0.064096764
0.81550336 0.18326965
-0.47435135 0.10159844
0.00059538416 0.00045877928
0.00031734924 0.085838094
-2.9893396e-05 0.1715879
2.3856142e-06 0.11916881
4.7399393e-08 0.00027586977
-6.7845656e-07 0.095787644
1.3907248e-07 0.02724361
-0.4268848 1.1891223
nan 45511908.0
-4.4457574 3.1473696
nan 27018872.0
nan nan
nan nan
nan nan
nan nan
nan nan
0.82008845 0.097358376
nan 11347746.0
nan nan
nan nan
nan nan
nan nan
nan nan
nan nan
-4.717275 0.6267167
nan 16324285.0
nan nan
nan nan
nan nan
nan nan
nan nan
nan nan
nan nan
nan nan
nan nan
nan nan
nan nan
nan nan
nan nan
nan nan
nan nan
nan nan
3.4159114 0.33353317
nan 3071522.2
nan nan
-6.6757655 1.8264061
nan 452115680.0
nan nan
nan nan
nan nan
nan nan
nan nan
0.7937104 0.13900086
nan 2877265.2
254.0088 126.59682
112.92351 41.733013
nan 1949928.9
nan nan
nan nan
nan nan
nan nan
nan nan
nan nan
nan nan
nan nan
nan nan
-36.838284 44.08472
nan 18027748.0
nan nan
nan nan
nan nan
nan nan
nan nan
nan nan
-0.11690816 0.0022505762
2.0304792 15.974217
-0.008647284 2729599.0
nan nan
nan nan
nan nan
nan nan
nan nan
nan nan
nan nan
nan nan
nan nan
nan nan
nan nan
nan nan
nan nan
nan nan
nan nan
nan nan
nan nan
nan nan
nan nan
nan nan
nan nan
nan nan
nan nan
nan nan
nan nan
nan nan
1.3733917 0.0865662
nan 15134652.0
nan nan
nan nan
nan nan
nan nan
nan nan
nan nan
nan nan
nan nan
2601.8398 21809.95
nan 8239378.5
nan nan
nan nan
nan nan
nan nan
nan nan
nan nan
nan nan
nan nan
1189.7515 20217.219
nan 57249440.0
nan nan
nan nan
nan nan
nan nan
nan nan
nan nan
nan nan
nan nan
nan nan
nan nan
nan nan
nan nan
1.5901475 43.99232
31.395573 22.240608
nan 530644800.0
nan nan
-16.629244 454.1044
nan 2287826.8
nan nan
nan nan
nan nan
nan nan
nan nan
nan nan
nan nan
nan nan
nan nan
nan nan
nan nan
nan nan
nan nan
nan nan
nan nan
nan nan
nan nan
nan nan
nan nan
nan nan
nan nan
nan nan
30.705582 26.667118
nan 161673810.0
nan nan
nan nan
nan nan
nan nan
nan nan
1.7125869 37.444572
nan 59384.086
nan nan
nan nan
nan nan
nan nan
nan nan
nan nan
-3.0754156 38.548744
nan 16976358.0
nan nan
nan nan
nan nan
nan nan
nan nan
nan nan
nan nan
nan nan
-18.560778 8.820493
nan 374141500.0
nan nan
nan nan
nan nan
nan nan
nan nan
nan nan
nan nan
nan nan
nan nan
nan nan
nan nan
nan nan
nan nan
nan nan
nan nan
nan nan
-1.0640833 0.47759405
nan 9599457.0
nan nan
nan nan
nan nan
nan nan
-1.0193949 0.6961954
-25.504507 38.136005
nan 4286923.0
nan nan
nan nan
nan nan
nan nan
nan nan
nan nan
nan nan
nan nan
nan nan
-8.985628 17.29048
-1.7985703 4.538975
-1.393004 4.526448
1.6316003 0.8606019
nan 123105.68
nan nan
nan nan
nan nan
nan nan
nan nan
nan nan
nan nan
nan nan
nan nan
nan nan
nan nan
nan nan
nan nan
nan nan
nan nan
nan nan
nan nan
nan nan
1.6099774 0.593719
nan 159306820.0
nan nan
0.038448993 0.10117255
0.39785802 0.30507326
2.2139728 4.6814113
-0.38518175 0.6692213
-0.63531125 0.22690405
-0.61759424 0.23083742
-0.092707835 0.6100802
-0.034717053 0.40627056
-0.10931002 0.19014893
0.6220468 1.3245225
0.052251007 0.19693543
0.14857927 0.0973956
0.099503756 0.13458586
0.48588908 0.22324765
-0.803628 0.21094514
-0.52980095 0.18573111
0.12882304 0.23618543
0.24150868 0.08998847
0.2958904 0.2709725
0.05684139 0.099657014
0.08183531 0.14051494
0.15841958 0.20891294
0.10977333 0.39494205
-0.102823645 0.06964926
0.020508774 0.3739006
-0.10569159 0.36498505
-0.103118524 0.29759386
1.9122146 4.90014
-0.0032041476 0.62665236
0.1000957 0.4396363
-0.23718439 0.19240865
0.06573337 0.32540372
0.13845319 0.41947404
-0.0016958772 0.41530684
-0.074261986 0.191462
-0.0073063164 0.12083389
1.7552646 5.328934
0.041910455 0.13228527
-0.13486962 0.22382355
-0.017876416 0.45057902
0.366475 1.5224047
1.3591689 4.7696543
-0.56817484 0.14122164
-0.68785745 0.29365057
-0.4984918 0.12109798
-0.35764217 0.1957128
-0.14038564 0.114798106
-0.06086504 0.09205433
2.2051623 4.3157687
0.27895248 0.26731253
0.017123006 0.095707804
0.04094978 0.08274728
-0.018539714 0.19024296
0.07782271 0.08745784
0.008460266 0.41848433
-0.053217564 0.09335196
0.07502004 0.27782294
1.0464473 4.462407
1.2935488 4.9620676
-0.33520028 0.101452954
1.3980436 4.7307415
-0.33161312 0.23789209
-0.58109975 0.3580725
-0.57208204 0.27830455
-0.47997835 0.31071752
-0.28094614 0.34987536
0.45438772 4.634276
-0.33591178 0.11296647
-0.20125212 0.28565115
-0.195627 0.2211853
0.76348186 4.9214616
-0.06712471 0.12540378
-0.27432626 0.11481063
-0.34303015 0.1437773
-0.26289493 0.1720065
-0.27562317 0.37362763
-0.25118575 0.3904341
-0.09902452 0.11719912
1.3295554 0.39457464
0.48056582 4.188521
-1.9441557 0.74095416
-1.2045071 0.44783494
-0.5300581 0.2820209
0.21160081 0.22630863
0.7345251 0.41352218
0.662428 0.47661293
0.48477748 0.2015908
0.30331957 0.108488806
0.24966848 0.29207882
0.110003516 0.22135757
-0.13850926 0.1417704
-0.28840327 0.09150562
-0.47390947 0.14776489
-0.37878174 0.21307017
0.08711386 0.57351357
-0.07254392 0.29644716
-0.08340225 0.07313658
0.02847398 0.1846083
0.17180663 0.37027556
-0.9244584 0.43021956
0.82044154 0.93690276
0.059194393 0.11206188
-0.017585548 0.17228767
-0.049972337 0.15833454
-0.033184737 0.18984875
0.1330814 0.15024047
-0.0715645 0.09286539
0.08601275 0.41446614
0.67791885 4.495928
-0.45859796 0.5018051
-0.25347844 0.11123476
-0.15343685 0.3005789
-0.16484137 0.07829944
-0.22692609 0.13970731
-0.031702828 0.32455513
-0.11375534 0.11942803
0.1443401 0.30963284
0.14008494 0.09680276
0.06261688 0.07070488
0.0740954 0.20726173
0.3591042 0.39810693
0.8636176 0.42958865
-1.909744 0.63234466
-0.6580647 0.5654479
-0.07209125 0.47493595
2.561266 5.296543
0.4123977 0.17690068
0.16539122 0.101634756
0.08192638 0.1188465
-0.36678487 0.486052
0.02136958 0.7047879
-0.04383473 0.45904222
-0.101653524 0.16292468
-0.1350043 0.105443776
-0.14978692 0.1384704
0.020279156 0.36956146
-0.102964975 0.091672115
-0.058772434 0.3089372
0.2126468 0.36054307
0.050892495 0.16815574
0.2452828 0.54480356
-0.1273656 0.14768715
0.054796908 0.20261277
-0.0052311774 0.54876536
-0.039170593 0.13355081
-0.092447534 0.11138619
0.18695651 0.6625282
-0.20753245 0.14086728
1.7246227 4.4276843
-0.1010776 0.13598563
-0.064691015 0.18443546
-0.14915803 0.21541744
-0.29384717 0.23849204
-0.114570305 0.15009546
1.2541449 4.6136007
0.84807646 4.5139246
-0.51909417 0.18960585
-0.4377155 0.57413054
-0.5206694 0.12688965
-0.51401 0.2322842
-0.52185297 0.19379519
-0.34486023 0.13177322
-0.13011248 0.14033398
0.009342803 0.22648524
0.25778925 0.5492321
0.31033987 0.087711364
0.46174005 0.43860438
0.42981276 0.3674804
0.21561663 0.08357484
0.09549264 0.10248806
-0.0143867675 0.13664155
-0.120602444 0.07635582
-0.0575954 0.31930044
-0.23119633 0.2113309
-0.23028499 0.104185104
-0.25100347 0.16569297
-0.14753388 0.3598296
1.6292623 4.895536
-0.2232443 0.1740466
-1.0575645 0.6971957
1.2056798 1.0472369
0.5588124 0.14740968
0.25420514 0.14027965
-0.3496963 0.37993583
-0.5659235 0.15478244
-0.16179624 0.5105936
1.2507837 5.0946155
-0.08634786 0.48805782
-0.1175532 0.1279445
-0.27326787 0.13470085
-0.15306896 0.1810199
-0.10899299 0.2384681
0.106001794 0.13003905
0.25110298 0.111281715
0.10204603 0.14686121
-0.3484811 0.29147315
-0.11407474 0.2588859
0.2968265 0.5431123
-0.61490583 0.41998544
-0.33825812 0.46508446
0.66866946 0.4054672
0.27830863 0.116597794
0.21037313 0.15737888
0.029386746 0.13965186
0.071423315 0.4342253
-0.8205924 0.21856867
0.89018834 0.35762656
0.5631591 0.19579956
0.31210047 0.34588486
1.9103014 5.132715
-0.36869517 0.3773473
-0.53543633 0.13661554
-0.5591394 0.36668923
-0.23766676 0.34605512
-0.36272618 0.11959289
-0.02810605 0.07418183
-0.043503378 0.2519859
2.264906 5.0739064
1.563702 4.799538
0.12405922 0.5558506
1.7730519 4.4918494
-0.1292047 0.09127696
0.6322504 0.17640594
-1.1191294 0.60029525
-0.54673934 0.18567507
0.14299929 0.3130776
0.414916 0.20608342
0.44670647 0.21726276
1.9724685 4.9424887
-0.12573381 0.26654652
-0.07032553 0.13183641
-0.34482864 0.18146668
-0.2293695 0.22315882
-0.24604361 0.15216216
-0.06529833 0.39162964
-0.06711629 0.17327951
-0.011715395 0.13282208
0.029176675 0.094142236
0.1379017 0.25351655
0.13488695 0.10082433
-0.049570505 0.28078508
0.2525818 0.35448915
0.005162569 0.17515028
-0.022956084 0.17430055
0.04657131 0.4388078
-0.011710459 0.19675377
-0.03020418 0.13027123
-0.020540496 0.093231976
1.6021371 4.7510376
-0.086829595 0.09721232
2.0264423 4.617004
-0.12334168 0.36378247
-0.47781873 0.44233623
1.3368798 4.3499384
1.1917602 4.6883674
-0.50147504 0.50575364
0.8706682 4.8154564
-0.4511525 0.6609956
1.5925665 4.5683036
-0.6234039 0.3497894
-0.6541233 0.15781473
-0.65018916 0.267492
-0.53348476 0.2735572
-0.4637658 0.26547632
-0.33804494 0.11975848
-0.15249066 0.37714177
-0.09247957 0.18830468
0.19293132 0.36823308
1.729962 4.3256845
1.9407386 4.800774
0.13590932 0.11117895
0.10683523 0.25234964
-0.15853491 0.07670885
-0.07514366 0.42536932
-0.27833858 0.11298319
-0.18851808 0.42739522
-0.21345367 0.13748743
-0.23260365 0.13747913
1.4583042 4.643193
-0.267397 0.28243166
0.5340629 0.3610153
-0.06691852 0.38164276
0.08299462 0.19279861
-0.0015781326 0.12962513
-0.07625905 0.19700673
0.054813627 0.22089668
-0.0084416345 0.08358989
-6.4023023 1748.151
-7.2584248 2090.9775
4.1508417 969.5983
5.1041756 1300.6923
19.3892 4351.0957
359.70517 49977.92
-11.315061 2725.1052
-6.8103375 2132.494
-8.295989 1176.366
11.994471 3159.42
1.2091393 623.5912
-9.837565 2521.2957
-3.462878 796.13745
-13.960908 3944.0483
3.622578 885.26184
10.898425 2842.4285
-1.9027219 830.9275
5.187243 1735.2021
13.464329 2548.0095
2.8946412 895.6081
6.1434245 1207.2982
330.98547 49557.0
0.4535887 623.6772
-51.274025 3560.6594
722.3167 49447.758
-5.3807664 1228.8226
15.57237 1331.866
52.899582 3242.9558
-37.900482 2045.786
-24.148281 1315.66
10.657885 2094.118
7.5845366 1746.336
17.138088 4536.417
-7.1925254 1178.1676
-6.7905803 1184.0447
5.162857 1389.2932
1.9108045 943.20654
2.7113159 1685.2727
2.6770105 1019.7726
1.2112728 1357.1827
103.3267 49616.547
19.757391 1941.5746
-4.4226103 942.8083
49.64127 3632.6326
3.6692472 633.4446
480.8024 44855.83
-3.9001663 3713.0103
9.753609 1129.8699
-66.9389 1513.9031
-11.234733 661.7719
-2.8126273 1065.4233
383.9662 49520.145
245.85316 5712.1465
-80.013 2496.5935
49.691547 42705.746
-85.312225 1987.0579
-21.16514 2324.8037
-83.4114 1167.2893
2.342444 726.06793
5.3179235 1492.157
8.6651945 3810.68
-4.0966463 2468.8164
7.266214 1875.0786
136.20009 45462.332
167.47934 45303.605
13.366507 2228.6096
24.84286 3733.6338
-15.781322 2397.5854
-9.168618 1249.0399
2.4208202 718.7049
-7.3566523 679.7716
45.67697 5266.8755
14.774879 2638.2039
9.119516 2393.789
2.672258 5725.61
15.621456 2767.0227
685.9953 44343.152
1.9045948 618.953
-7.3418713 1602.7123
15.941525 1956.0713
-2.852405 1281.5894
-68.604836 1863.9805
31.266136 1886.0758
-10.629166 1471.2926
1012.2089 43866.66
0.3171351 1242.3518
77.6035 3079.2612
-64.749 2697.575
-18.412752 924.20404
-74.3704 2310.674
56.23967 1695.66
110.39214 5028.445
-12.315085 1223.9171
-15.091076 940.67004
-45.839912 2031.2882
-5.426062 1939.8881
4.0903335 929.1724
18.77789 4030.9392
16.308222 2546.6057
-6.6989274 1633.9106
-4.1978827 1258.9287
62.699974 12853.707
-4.710423 1633.8347
17.675673 3815.285
-6.2887588 1893.8691
14.932129 4550.964
17.7567 4800.4126
110.128914 45513.242
166.04599 45477.86
7.7183003 1635.1403
21.952723 4306.9526
156.26357 50042.152
-3.3531983 1128.7845
-17.968298 3357.4644
390.00687 49885.383
-5.224417 934.2631
-4.6071925 1021.15454
9.385514 2976.0168
7.6218786 2262.982
18.920586 5745.9663
5.9058685 2537.4006
9.511386 3780.427
176.49055 49833.586
2.1198378 1328.654
1.3239843 2976.1523
16.820059 4216.5464
-0.20535974 1774.246
-13.568508 3220.0889
-2.481267 2213.9578
-4.798427 624.56964
181.15997 49033.152
-1.4121993 741.3701
-1.814555 1487.6034
24.518206 3537.831
-4.684952 1691.599
176.93787 45141.523
687.7888 48913.934
-14.93527 2861.74
-34.98042 1156.1263
-20.282606 2647.8862
-20.11495 1657.2399
-28.76286 1001.3855
2.0983367 5219.6084
-40.42837 5497.6885
-29.896387 2594.2551
-46.541355 2490.8628
-17.088482 2087.5247
37.85329 979.1327
-28.326366 1642.587
-25.758226 684.3399
-35.71694 1059.5223
19.904913 42219.598
-23.966204 3225.8792
-21.66032 1457.8842
-36.41717 1203.079
112.86044 40601.965
-59.05701 1810.9515
165.38116 43022.465
nan nan
nan nan
nan nan
nan nan
nan nan
nan nan
nan nan
nan nan
nan nan
nan nan
nan nan
nan nan
nan nan
nan nan
nan nan
nan nan
nan nan
nan nan
nan nan
nan nan
nan nan
nan nan
nan nan
nan nan
nan nan
nan nan
nan nan
nan nan
nan nan
nan nan
nan nan
nan nan
nan nan
nan nan
nan nan
nan nan
nan nan
nan nan
nan nan
nan nan
nan nan
nan nan
nan nan
nan nan
nan nan
nan nan
nan nan
nan nan
nan nan
nan nan
nan nan
nan nan
nan nan
nan nan
nan nan
nan nan
nan nan
nan nan
nan nan
nan nan
nan nan
nan nan
nan nan
nan nan
nan nan
nan nan
nan nan
nan nan
nan nan
nan nan
nan nan
nan nan
nan nan
nan nan
nan nan
nan nan
nan nan
nan nan
nan nan
nan nan
nan nan
nan nan
nan nan
nan nan
nan nan
nan nan
nan nan
nan nan
nan nan
nan nan
nan nan
nan nan
nan nan
nan nan
nan nan
nan nan
nan nan
nan nan
nan nan
nan nan
nan nan
nan nan
nan nan
nan nan
nan nan
nan nan
nan nan
nan nan
nan nan
nan nan
nan nan
nan nan
nan nan
nan nan
nan nan
nan nan
nan nan
nan nan
nan nan
nan nan
nan nan
nan nan
nan nan
nan nan
nan nan
nan nan
nan nan
nan nan
nan nan
nan nan
nan nan
nan nan
nan nan
nan nan
nan nan
nan nan
nan nan
nan nan
nan nan
nan nan
nan nan
nan nan
nan nan
nan nan
nan nan
nan nan
nan nan
nan nan
nan nan
nan nan
nan nan
nan nan
nan nan
nan nan
nan nan
nan nan
nan nan
nan nan
nan nan
nan nan
nan nan
nan nan
nan nan
nan nan
nan nan
nan nan
nan nan
nan nan
nan nan
nan nan
nan nan
nan nan
nan nan
nan nan
nan nan
nan nan
nan nan
nan nan
nan nan
nan nan
nan nan
nan nan
nan nan
nan nan
nan nan
nan nan
nan nan
nan nan
nan nan
nan nan
nan nan
nan nan
nan nan
nan nan
nan nan
nan nan
nan nan
nan nan
nan nan
nan nan
nan nan
nan nan
nan nan
nan nan
nan nan
nan nan
nan nan
nan nan
nan nan
nan nan
nan nan
nan nan
nan nan
nan nan
nan nan
nan nan
nan nan
nan nan
nan nan
nan nan
nan nan
nan nan
nan nan
nan nan
192.1874 50057.54
-4.8771224 1413.0748
4.5482087 1805.5721
-9.575007 2576.5178
-2.1903074 661.88794
14.802873 4076.156
-3.0453925 689.08777
4.2783585 1603.4172
4.9389124 1700.109
3.804418 1500.9614
2.6380663 623.6776
180.73029 45422.39
2.117931 759.1083
15.434613 5671.1626
123.275185 45424.902
8.682007 3537.388
3.3324435 1133.3904
0.6574158 727.1229
29.846249 2729.1877
-4.77558 1830.0732
-14.690836 1416.4374
4.7789326 1328.2267
55.928246 4312.056
114.65232 49746.79
-7.154726 2083.6614
2.096766 3824.7017
1.4539555 2866.2874
-1.6560582 1496.6051
-5.7872963 1713.0862
0.33413306 1165.9644
-5.879662 791.1005
0.31949544 4807.1836
-6.34049 1086.4325
1.3362118 7740.3364
91.774765 5488.3403
-3.9861798 1721.6193
-108.39124 3745.148
18.72814 1031.4218
14.770097 961.8336
-7.3104157 913.11194
-12.53556 3477.2717
6.759952 3241.7446
5.4370885 2155.6885
4.5665455 925.23724
13.373471 3646.206
10.819968 3334.6382
12.922166 2383.9316
13.226825 2278.041
-4.3919625 1005.1358
3.0706844 731.0546
8.785744 1889.9324
9.932065 3288.811
-1.9799923 794.69617
-8.362729 2193.305
-12.024723 3106.9836
2.8270774 794.9793
149.45032 45459.94
10.097516 3846.6057
14.225932 4552.0747
1.9797521 655.75055
93.578445 45384.277
7.8656063 2306.2954
6.214986 1366.3036
80.349 50100.6
12.453032 2405.2212
6.3150167 2550.4712
9.013695 3595.3425
18.173576 4584.2837
-22.158937 4808.9385
6.676925 866.5552
-1.0113099 1035.2893
297.22632 50163.21
3.0662408 2185.8992
9.62518 2786.7324
9.453416 2668.227
14.626581 3458.411
24.037031 4216.169
38.245667 5580.2456
-19.281301 2139.138
-16.36426 1726.5481
-13.978022 761.18616
-0.4347772 1081.8134
-2.0304744 1799.7435
-6.448271 673.56683
26.411377 2374.8198
31.015219 2830.8135
11.669922 1465.1249
843.7909 44352.492
38.44547 1906.3204
32.054832 3161.4502
932.18964 44427.74
34.014244 2099.6626
156.89014 4775.8433
40.69457 1952.6715
-51.847214 1975.6237
-7.904833 2112.4216
7.295376 2369.2258
5.9620857 1658.6138
11.399932 3498.826
3.369092 710.96655
-7.06709 2719.3452
107.767525 45441.043
-3.6122081 916.0729
-6.646582 1944.6364
-8.000672 2402.106
17.791233 3300.332
-0.27674174 0.12613672
4.9024234 1705.7548
-8.672841 1910.046
9.682177 2187.2954
8.741023 2078.1602
3.1824617 903.4368
3.1131048 688.6645
181.8555 50047.555
13.483305 2745.8352
173.2016 49995.062
-2.2409012 626.11505
-1.0575051 0.2532681
12.927486 2449.7598
186.91006 49914.57
11.860864 2534.6487
10.76374 2350.0134
-10.193375 2541.8323
7.671349 1678.976
3.6577797 839.896
141.68301 45607.082
137.03308 49900.023
3.4028118 1066.6422
8.91764 2460.4644
-14.286122 2893.0032
8.17238 2591.7483
302.72195 49931.895
244.24995 45552.387
6.38713 1532.4083
12.222063 2568.9014
2.8227727 625.19275
10.444371 1883.2263
2.4680018 729.0478
-5.3399854 2103.688
15.528888 2428.91
8.988924 3762.8455
-8.992997 1625.5354
1.4309267 701.2975
23.475897 2744.6028
3.021859 1240.1434
1.655265 4679.327
-7.753435 1270.3652
18.48076 4276.6724
-4.37875 1918.0162
8.790394 1481.4032
8.986064 2303.4463
79.99956 50046.273
11.350081 2621.7559
127.039856 45369.547
10.265305 2520.309
13.719558 1554.1849
18.923225 3921.2349
11.037302 2607.646
15.02992 3126.4583
45.516544 8322.765
329.58682 45372.996
105.29435 45514.76
57.679386 45582.434
9.836491 714.0319
19.60542 2625.192
802.5074 45365.332
-27.163097 1022.5613
28.993048 1692.7139
204.84572 50112.94
243.67178 50059.715
188.9998 49953.414
7.5031433 1914.0894
-4.1165395 965.3799
-4.290031 1741.7423
21.410038 4792.9316
18.60485 4129.986
3.0831003 978.1903
247.53088 50058.008
-4.9165673 2453.7334
8.913584 2337.0376
164.48895 45414.75
5.5208225 1112.5962
-7.3419003 1296.2001
12.590135 3468.3618
10.17636 2906.1338
-2.3282294 682.3415
186.73907 49866.01
4.597672 718.867
4.0233645 896.90643
2.2281713 624.0552
150.16206 45400.848
-8.47234 2881.0493
-4.0236945 626.93744
10.117448 3686.9285
132.54495 49882.508
9.48423 1512.5057
1.5128618 1140.2065
2.429655 1397.9808
242.26775 45447.76
523.501 45082.266
1.8645004 715.91016
-4.4021726 862.93146
1.0059853 1911.7513
33.253036 1802.9783
2.650173 3843.912
-5.4295015 614.1234
-29.543856 3161.7295
-50.381516 3542.8318
-1.9248574 1265.9309
-3.9952617 1750.7974
13.252768 3523.521
-1.9041563 955.8686
3.5591657 1995.6913
10.800727 3085.9675
4.3960156 1553.3604
-1.8968083 1177.3323
7.016157 1794.8184
216.5504 49804.363
-3.1166046 822.86255
-3.934867 3112.6614
-6.1676974 628.00244
-7.0653114 1884.0151
2.870546 847.92676
6.4695463 49187.79
34.60839 3953.0352
16.079891 1900.0518
-11.922607 717.4131
-13.585808 1822.0605
-5.9581485 2195.8208
5.076005 1020.53906
-6.6584244 2145.6782
-4.8537726 955.43365
14.094157 2687.536
15.506126 3447.339
9.451718 3429.6868
7.049918 2408.7847
195.68553 45393.27
22.166693 5117.411
-5.197228 939.8638
-4.559206 1173.4884
-3.551899 1180.3829
6.134455 1835.818
-5.3564625 1133.9149
7.076557 1669.2451
22.519657 4988.0386
9.400561 2089.5752
-4.947864 921.7307
41.412445 22669.504
-5.3433404 874.3908
18.710484 3828.8206
-9.668115 2314.2456
12.709232 1963.783
21.613636 2593.5696
1.2201056 1549.7644
6.2250934 1294.476
-0.1977197 898.46124
-2.9072685 1587.9431
-18.753513 2050.377
394.5122 49096.668
-5.9793077 890.8206
-5.940798 44074.848
-25.882336 1705.6018
-11.169541 1016.2824
-50.72082 3240.503
5.3841524 2537.6938
-57.59614 2262.9255
31.85836 2507.058
-72.07911 4827.431
-10.941825 729.5734
1.5896811 3455.24
-5.9940987 1680.5555
6.45246 1237.6777
11.401842 2396.1174
-0.7781649 630.7993
4.5516634 848.40955
2.5348635 624.8469
-2.4637403 948.37335
-7.1152725 1351.0221
-2.6959262 956.9419
30.428213 7133.6147
6.191074 1576.3158
11.288991 4142.758
-5.841791 1554.0735
-2.2847552 623.83374
186.09775 50297.47
144.52658 50305.82
187.21944 49979.914
-3.962283 979.6202
22.970577 4478.607
-5.533625 1418.2672
5.202031 1447.6708
12.019355 3343.4475
1.6758739 623.0476
0.6862082 806.67804
5.992181 1435.626
4.0275884 2463.6687
0.10259476 622.16486
180.15591 45516.656
5.5521903 1460.8424
3.0903597 1033.6876
1.9919654 626.1175
0.43874192 624.92126
-2.9404614 661.91455
-4.104759 1493.0275
165.99773 45710.316
244.60681 50103.66
-2.6436827 780.23883
11.662603 6147.662
16.232676 3374.7617
19.837847 5739.399
-8.213743 1524.8619
-4.424825 2509.3384
-11.487049 2185.9858
17.487005 3835.189
1.0093905 1549.1421
-4.8764176 820.402
3.021821 3210.7288
-9.83368 1759.4133
-7.418032 848.3214
-4.7765 982.6677
19.679718 3939.1577
7.949437 2488.0847
-4.8562737 630.0621
-6.0174026 635.4796
4.675797 3254.5708
26.56302 3784.0103
-7.6749573 1169.9237
-3.5471818 5306.5166
-0.05741183 643.38354
17.966555 2261.1997
3.8029516 48151.37
21.680744 2988.8962
4.382722 1539.0275
-37.753258 2183.215
-8.281416 1615.3257
24.692417 4102.406
-34.224392 1496.6842
-5.8529744 1367.9094
-7.848141 42566.984
-45.38823 1675.4508
2.960894 738.9819
-21.796835 2124.5732
-2.1206505 967.1271
-24.035454 3559.1797
-25.934235 2287.7234
-8.773271 1018.85974
14.4583645 2279.0383
7.3684325 2266.0967
-0.65577805 40117.72
49.19658 2057.544
-8.632451 845.9079
-7.57138 748.4276
-11.487756 1949.555
84.98352 3542.9543
-12.167486 5149.579
-2.7157943 5956.186
nan nan
nan nan
nan nan
nan nan
nan nan
nan nan
nan nan
nan nan
nan nan
nan nan
nan nan
nan nan
nan nan
nan nan
nan nan
nan nan
nan nan
nan nan
nan nan
nan nan
nan nan
nan nan
nan nan
4.8085055 883.1745
-3.3496504 648.7902
-6.217552 1911.74
18.064056 4630.2935
11.245812 2749.906
189.7976 50230.953
5.092169 1620.3557
2.961472 624.95746
65.60658 15148.432
251.47034 49577.25
-6.287863 876.02563
-5.481137 627.8152
-4.9276056 1574.0038
-1.4232775 624.37866
-0.72779745 781.71326
-2.4504058 822.3009
-4.0115056 824.99023
2.7679086 1069.2383
-4.5024524 1632.644
141.49466 45761.902
4.8373256 1729.9851
15.14058 3906.9175
8.270278 2017.1311
3.143171 625.3476
8.118578 2831.4
0.35263944 839.80963
7.6965885 1271.8219
66.0053 45250.777
112.01383 49797.387
4.184947 4267.849
1.956436 1904.8619
0.8067235 3207.4092
11.484494 620.4194
-2.3773007 1187.969
-2.5983393 622.76117
-31.624493 1627.6312
-3.9283555 639.0781
7.4227815 1633.527
15.580311 3844.3083
217.59804 50230.582
-4.33301 795.1952
12.470315 3253.4321
-0.14791724 622.4451
-5.0467224 1371.0145
4.336561 2031.8064
0.9730209 620.4916
2.0767906 617.4462
-10.485438 1524.3872
-4.9328413 835.96655
-7.2963076 2942.55
179.18721 45420.973
4.5190635 962.1025
-6.8871417 1749.6763
-4.822793 1247.6958
-1.3540101 629.5868
-4.8402557 903.2669
-2.9352713 628.48804
-3.8294826 1407.5005
-9.720746 2090.8816
-4.5226083 1313.6102
-16.285904 3490.7415
6.635227 1258.9998
15.827071 5764.788
5.4597154 1538.5062
-4.603253 1194.0927
285.15668 50346.13
7.185629 1984.2368
86.07325 50513.54
-16.113298 3148.819
-7.550868 1992.9185
3.450358 753.49084
19.15 5429.4243
7.949531 1734.9916
-10.063889 2167.4033
-4.898105 1075.4327
-4.356501 626.5833
4.6174903 1047.278
0.9770444 624.3937
2.6471226 1222.4836
0.64958775 786.85333
31.20238 3364.1975
-4.466957 2330.4824
-11.563474 1953.0189
1299.9944 49592.477
5.307529 2658.428
-2.1578574 1520.2098
-5.7357244 1294.3727
212.18886 45223.83
0.5262613 1319.3007
-13.159106 1323.0692
360.36633 45437.117
-5.516954 2734.8748
36.448017 5271.747
24.706713 2941.771
-4.4144306 1167.3397
-6.065664 636.88104
0.8324453 45368.945
-2.6257944 774.29956
2445.9297 44327.59
-10.049929 777.4793
0.9930375 1485.4454
1652.3827 49002.277
-12.167378 4421.2324
-31.56216 1300.6694
213.13164 3559.3967
17.108204 2877.4053
-8.752731 1819.1305
-1.8773521 1721.5023
6.5256033 1351.8507
9.340256 1719.33
-1.8010386 2207.8728
15.883533 3670.6519
12.526002 2852.3245
4.5567174 1095.5652
2.7926774 1957.1045
17.020823 2444.3801
-17.938505 1599.0361
58.83129 4874.811
11.742355 2108.323
-33.07156 2422.5
-10.08257 1167.3634
-51.108376 3681.4197
39.19754 4115.4683
6.2640367 622.1878
-22.650478 1953.4012
6.931124 1102.0083
13.072551 1066.6172
-39.143307 3807.2065
10.064267 4326.426
7.3528776 2432.3667
-4.9108014 1509.1116
6.7046957 1166.3412
-2.528949 1264.1244
5.8490753 1530.8228
7.6094213 1467.9978
1.8362808 654.44617
13.464411 2831.624
0.2510685 1391.8888
12.635564 1215.7432
15.871491 1306.2465
5.2850223 620.0131
16.820147 1252.9873
-32.457336 933.80817
84.11065 5716.764
-10.895688 3938.5464
-12.308506 8342.32
33.72531 810.65436
-64.339096 1006.58154
-24.538227 8205.895
-20.707645 8329.223
-29.990017 4376.055
-46.054756 9392.948
-34.827446 7673.4966
-13.920144 4439.3955
-29.935963 9546.003
-60.09238 8084.4004
-146.66438 9872.131
-10.621193 4008.6545
-21.670504 9392.585
-21.724222 7808.7104
-48.488552 8605.252
-26.433825 7920.421
-51.059273 13518.813
-41.124386 5618.009
-28.259644 9613.481
-69.54482 17840.121
-50.93896 8317.72
273.16553 45564.453
205.68665 50118.85
126.466286 45788.18
-38.276997 18491.896
-122.10892 41667.04
86.32632 45632.65
-117.35845 29492.305
-136.76999 21780.957
-10.551957 6845.5054
-170.683 31310.645
69.03125 45537.93
-76.75524 19253.582
-210.47842 35734.215
-64.242134 25008.13
-61.213238 19223.184
-255.6537 29488.324
-72.936424 23795.697
-89.97082 27758.602
-254.89537 35725.59
-125.651344 29381.857
322.20575 50269.67
-153.16945 33278.57
-19.524906 6750.37
-68.546486 10849.126
-130.00635 20788.072
-103.9727 13860.714
-90.139656 29311.02
95.349525 45587.605
-45.39326 15060.242
-55.07679 7437.8237
-125.55139 45174.05
-12.141152 5793.9253
-174.42108 12095.35
-40.58377 18443.838
-31.57311 14105.942
-35.001892 14100.382
100.98676 45707.64
-15.382597 9005.04
-71.909874 4136.017
-7.8965244 3666.6438
-0.49698675 611.30975
-2.0530388 3371.4038
-42.746624 3926.2085
-2.6419935 2234.4094
-9.705752 6576.686
-202.2611 4366.435
-69.44577 2828.2102
-30.63192 4369.5356
-128.24966 5978.1646
-1.3832633 4835.2827
1.4200127 945.2674
-435.66742 3153.8477
11.27441 2726.5776
19.620016 3282.819
62.74773 51650.68
-92.24967 4727.1313
-88.577805 5392.0977
-279.35846 3527.3623
-60.494514 3434.8965
45.097824 3463.4727
35.41409 3024.619
-233.70787 1989.5557
nan nan
nan nan
nan nan
nan nan
nan nan
nan nan
nan nan
nan nan
nan nan
nan nan
nan nan
nan nan
nan nan
nan nan
nan nan
nan nan
nan nan
nan nan
nan nan
nan nan
nan nan
nan nan
nan nan
nan nan
nan nan
nan nan
nan nan
nan nan
nan nan
nan nan
nan nan
nan nan
nan nan
nan nan
nan nan
nan nan
nan nan
nan nan
nan nan
-39.727646 10196.907
83.87946 22781.672
-94.03735 21750.5
-43.8291 12197.159
-138.262 45500.254
-44.5792 13158.08
-30.220978 15151.326
230.77213 50478.836
-36.152184 8468.741
-66.685326 10193.512
-101.938675 27755.729
-38.390938 8756.011
-120.10579 22774.041
-27.97083 11118.767
-49.661263 14701.541
-26.904354 7574.388
-114.460075 21719.88
-60.65048 13866.895
-15.563828 7022.1177
-59.320522 23742.781
-176.76038 35524.527
-102.67947 22565.947
-124.85584 9684.152
-30.629477 5894.2305
-20.07497 10481.671
-57.185574 7695.321
-622.65204 19557.262
-42.608616 34778.715
-677.3359 26915.69
100.709694 15405.453
1.3183391 1484.0891
-145.3685 5732.06
3.061351 3779.975
-45.146717 2874.4463
-58.109665 2963.956
-7.8233128 3793.6506
-34.187496 1967.2563
-76.30542 2389.295
nan nan
nan nan
nan nan
nan nan
nan nan
nan nan
nan nan
nan nan
nan nan
nan nan
-81.753174 22687.752
146.1853 45834.67
-157.30197 41668.99
-46.483845 11897.963
-28.453165 9586.505
196.58434 45722.305
-123.582924 27714.5
-101.84476 21681.762
-59.409615 17212.326
-51.434635 17191.477
-163.63275 33158.434
-48.40395 12431.252
-43.32715 12707.358
-18.798782 8995.533
-227.4629 26064.281
-277.726 41002.637
-31.548567 13314.081
-79.05971 30609.357
8.580452 6845.367
243.26454 52683.637
81.4025 46080.168
-80.45373 11083.652
-232.05377 10344.325
-56.370712 14396.301
627.61633 47538.53
-64.29117 13874.703
-231.26445 40388.63
-42.943863 17277.738
-29.122166 7894.567
-121.8348 12146.252
-8.086132 24360.328
11.442704 10542.046
7.2017016 12967.041
-49.34085 11574.667
-2.5923932 12091.7705
444.10953 48113.074
-90.651436 36381.965
-90.19811 36402.844
-209.5981 23741.545
6.4847593 17221.969
6.959657 33002.434
-4.037884 10375.346
11.126652 11156.341
-207.44449 5953.9766
-27.813822 8837.377
-36.424194 11184.148
31.10052 52542.566
-18.203876 14818.283
21.53136 3852.6707
37.67784 10104.546
-443.47763 14528.406
237.66336 20956.334
18.201305 11753.4375
1.2534567 32132.6
222.4919 58530.85
nan nan
nan nan
nan nan
nan nan
nan nan
nan nan
nan nan
nan nan
nan nan
nan nan
nan nan
nan nan
nan nan
nan nan
nan nan
nan nan
nan nan
nan nan
nan nan
nan nan
nan nan
nan nan
nan nan
nan nan
nan nan
nan nan
nan nan
nan nan
nan nan
nan nan
nan nan
nan nan
-98.35623 41786.613
-78.13165 23814.666
-30.141296 15128.655
-101.264915 23724.51
-155.545 35465.61
-40.81082 20623.502
-32.58584 23532.758
838.8684 51001.883
-157.12312 23628.326
-27.372858 15325.829
-27.15468 19134.133
-56.185688 8390.561
-12.245485 34902.523
-373.58044 35199.934
-2.70369 19207.629
-436.26825 30597.264
-533.1398 24451.422
0.16706727 23498.482
-287.8533 8131.7983
40.058453 49099.41
78.3181 21800.107
2131.471 52312.094
88.332565 26561.113
-58.907303 16788.828
-59.77684 20699.857
48.354862 8785.802
-1034.237 25725.93
358.08575 49032.96
33.04275 9476.839
-835.47003 24807.23
-75.43772 15611.374
-32.774582 6032.3906
-86.07607 24385.17
-70.01948 17514.842
67.05585 13843.156
-88.42494 17963.44
34.43318 25037.852
30.604568 20709.422
116.01894 2045.9138
nan nan
nan nan
nan nan
nan nan
nan nan
nan nan
nan nan
nan nan
nan nan
nan nan
nan nan
nan nan
nan nan
nan nan
nan nan
nan nan
-41.40156 9806.101
-52.384563 19993.566
-167.11913 24967.105
-40.168015 5483.0605
-155.30528 33216.473
-90.205925 11880.886
-299.32797 31132.93
-48.5226 12757.767
-95.07619 26181.12
-42.92743 10126.812
-230.19627 10269.78
157.59625 46024.93
-184.17578 19656.623
-72.408264 13733.6455
-147.76125 32830.797
2.6845775 28599.781
-253.32983 13781.685
-52.33376 11311.567
-84.9132 15014.283
-858.2581 24647.016
-65.579285 16730.28
5.3922596 13412.78
4.1706586 6301.151
-432.93283 13015.869
3.2679331 18828.107
-211.8037 22222.393
-93.827835 18591.084
2.1525009 12554.378
-0.99239105 27669.053
-24.692766 6066.799
-11.486737 10915.493
6.293597 2018.1143
-34.7339 2542.7622
-152.02919 5670.388
30.342552 490.46625
245.19579 3309.5215
40.067657 3449.8
115.469246 2769.9524
128.77217 2469.211
151.63843 45473.723
-47.049244 9617.98
-41.63428 18545.797
-61.63731 8201.953
-29.661333 12216.768
-25.784748 10397.89
-40.521626 11891.364
-113.02127 15091.56
-170.6143 17756.7
-122.3299 31011.312
-38.37543 11056.381
-264.1246 44983.08
-62.308434 18354.127
-94.28436 7912.7686
-113.99163 21316.213
4.3509088 11900.539
-1315.0496 40077.63
-127.157135 11861.741
6.758589 7066.069
-384.03076 26814.234
5.3329415 8070.219
17.128584 9495.739
-45.787594 17787.88
19.318773 32476.037
390.67914 56324.168
18.925407 11128.521
25.009241 5089.4595
14.30459 5565.783
7.8231544 29295.602
6.1879005 8835.363
-789.1617 15891.728
-1.9484818 13991.53
-11.011679 17206.04
131.73177 51995.3
16.591581 7672.914
-78.79672 22062.14
11.397395 5703.9775
776.756 64069.85
81.21759 17008.002
-112.93461 8678.92
2.0354314 61303.47
15.699025 7972.073
55.34032 11157.183
60.7475 4883.092
26.885494 16522.95
20.158869 8304.958
3.0713322 15770.799
-18.175877 14726.333
-303.5233 13566.127
-13.227017 9167.1455
-1.7638341 29919.17
29.19182 11943.102
-252.74901 28733.979
18.644789 20967.217
34.32981 20582.445
-241.2412 12443.906
-404.79834 8993.767
1.1058602 3021.9565
188.80945 11218.655
186.84721 7915.6924
2894.634 78992.87
341.00067 50088.023
2.892693 38665.43
110.580925 6160.3086
8.493615 2219.275
1.8447503 61262.375
84.670074 11962.964
-198.68022 2514.8801
-217.77876 11071.074
-705.73566 10369.674
-108.74457 5506.883
62.066498 2975.2212
25.546635 6728.902
-273.5852 11113.837
-900.68756 21714.09
1.3096377 2380.2227
986.07965 54911.06
116.0914 10817.537
-1.3200632 77639.1
32.483482 7588.657
220.1882 2839.1396
58.157925 3077.679
13.006786 3611.1348
59.702923 7346.5083
37.566418 14092.952
244.74074 4480.2104
1107.2212 52939.76
-753.15063 18720.361
178.41905 8048.9365
222.25604 48075.8
-3.5184186 23655.645
-4.971796 5869.016
110.24551 77549.9
-866.6741 31722.188
-333.45352 9253.868
-492.6538 7381.005
1.6361158 8629.762
130.31778 15791.276
7.9115767 8902.704
148.75534 50257.605
-391.15515 11613.959
167.37189 45464.965
152.5507 3639.0884
13.540961 3076.1467
26.026615 3204.556
33.76943 1751.8317
49.19552 2587.4612
53.85868 4386.044
17.641233 3665.5308
13.809621 7038.5327
-21.937756 3368.76
48.736076 6547.6064
59.103954 723.6165
78.23774 11610.531
33.328903 1386.4723
97.67833 1404.9991
9.11089 7882.0996
35.135807 1891.4875
721.00256 68203.266
-394.115 17939.592
-94.510254 4398.795
53.426308 1287.8915
128.22046 916.0182
26.764555 6841.249
45.204277 4025.2432
0.06070048 1718.4961
-113.08479 18201.871
85.75598 50961.85
-874.15674 20315.672
73.89583 6799.7354
29.702856 1163.1831
99.09419 5333.479
20.20067 1156.0292
-45.105682 20343.824
186.42055 2222.7676
21.121544 176.35197
148.83577 10116.063
319.15042 81715.98
-176.5841 5522.035
74.81832 860.6738
23.885149 11395.455
88.99421 320.99188
64.96346 1328.5044
-70.88992 3316.952
5.7954183 5115.626
244.95267 12565.808
13.3877945 10568.945
-30.074917 3698.043
-274.2226 3777.7822
-57.93761 571.09924
5.1659827 4147.1626
-76.527855 953.9229
2589.7683 69501.21
-608.76587 14774.3
-1141.6469 18454.514
227.9059 7159.6694
38.117683 1566.0071
1.2579727 66482.38
8.896607 3379.3694
-36.97615 598.29016
-68.768295 1026.0302
13.659679 323.9478
2656.8516 66538.68
1076.2028 48266.34
490.43393 52178.68
-158.39021 12541.781
-107.898285 1433.245
-120.862 1687.2987
-0.056921262 843.0167
-110.95531 1616.0735
-28.263592 340.46542
268.555 7598.597
1615.2842 55904.645
19.389591 4017.9507
-49.57412 8147.7104
-462.81442 10535.728
-16.88607 11474.254
22.97941 1638.6614
-0.4839529 2602.7573
-247.04787 4813.1704
-166.48625 3140.9463
-0.7009623 3939.8582
-33.272594 4589.0415
-278.85406 5214.02
-71.70779 1300.127
-123.265594 1982.5289
-247.36584 4250.372
-99.60281 1537.9408
-100.91151 1504.7975
7.6089315 39.00512
0.667124 1342.2227
-218.22198 3341.0176
1.7920288 1014.4769
0.07652077 1875.4586
18.041605 5162.4194
14.986487 1910.3817
0.8311582 59071.99
31.648344 5091.437
0.7315226 836.15283
4.6799827 226.93166
3.4895797 2630.8801
1.2816861 674.8794
7.641682 1124.592
9.784268 563.1441
9.685309 23.176184
1.5770594 1289.4261
22.096087 38.738266
2.0162191 13.565603
0.5922903 1650.8679
-60.135376 4428.396
-5.7942615 2888.2498
0.6799246 304.40512
1.1167854 1088.2854
5.2798905 276.31976
0.31923765 491.54538
0.4932611 1219.9413
-89.8169 4067.2788
0.2962268 587.9139
0.5219629 405.93372
2.3451917 53.866806
0.16444933 60449.504
-6.7120996 3805.6492
-8.602144 3325.5408
0.13724713 57378.273
13.317297 3608.8213
5.1502542 264.2543
0.10394003 5073.249
0.21134488 2825.8247
18.040485 35.59304
0.48122606 498.87033
3.7040608 244.98265
4.4504013 814.4071
0.45487148 1704.1827
1.2697266 454.9154
0.2701483 2802.1223
0.75285995 5785.5195
-37.877075 3844.7263
0.3869566 1844.8732
-0.09927105 47653.652
-98.112755 4377.9067
0.95405686 589.5667
0.18174735 2693.6477
-0.03980704 2691.9744
0.12186896 971.5496
2.6722388 3744.9375
0.4039547 1367.4196
3.9950147 864.67084
0.02523411 2250.4592
32.32581 52.925117
274.64944 50230.625
-124.94958 4941.1465
0.03821044 494.9903
4.6098714 199.11835
0.569644 554.55035
-0.10017655 1491.6732
0.26619852 287.91116
-1.6994056 2188.0908
-14.74537 3227.3672
-18.054863 672.8092
679.8532 44689.902
-24.232908 3247.8506
-0.16015628 7936.3955
1.5720068 397.8152
98.52695 45440.41
-19.159878 3252.6821
2.3096614 983.2795
-73.03374 1029.6613
-0.24466856 2123.287
0.0770291 971.8967
1.3152214 94.65217
9.632149 417.5923
1.0863508 1239.9242
62.63082 837.6169
13.00557 53.705376
-0.19467096 424.09256
0.16066578 653.2238
0.037640307 4.019108
-0.17578116 319.5474
0.002159611 107.64548
-0.11918926 155.95004
1686.9896 45485.44
0.4542979 3265.5996
-0.17772141 399.6113
0.033998717 184.70837
-105.50866 987.4396
-69.64962 531.684
-132.32423 1374.811
-58.645527 416.28174
-29.436382 136.70915
-56.026855 383.2764
10.248744 32.1128
-42.512913 238.36418
27.254631 554.4473
-76.263695 555.864
-37.512653 178.51816
26.873594 554.35175
-41.441788 208.89243
24.580732 444.97647
-35.197514 158.99358
-92.88335 700.7572
-20.524529 73.93215
-1.3086506 4.4750915
336.44693 13128.344
-68.28716 441.49765
-0.061229456 47477.914
4.4313736 2488.405
-70.524414 535.38544
22.576988 418.12833
-67.94483 475.84845
-9.136279 18.412533
297.57898 9588.426
-0.14091052 2023.5474
-17.720089 61.20096
-5.478746 10.591004
-0.02968559 2211.9668
0.026498208 3977.0632
-64.25837 477.6808
3.3973823 18.909208
-19.988813 75.545845
-10.43703 26.078999
293.57657 9758.077
-69.03591 921.12213
-0.01903519 41524.426
-0.096641175 639.28406
-0.08539585 2240.894
-7.585959 1543.3079
-0.052415803 9214.794
0.027380202 2505.438
-23.495188 1125.5657
-12.849335 55.444683
-0.012740329 9532.704
-0.48801357 3202.612
-25.855984 267.98505
0.6462616 2063.6646
-0.01087963 44080.91
0.53436077 4692.5483
-0.0651514 662.5007
91.3688 9456.944
77.62408 4557.3833
-0.013667581 3636.5803
-1.5102878 3285.1892
0.055536598 2579.6506
-0.24075326 950.62476
-0.0026790393 884.6226
0.010867641 1225.4358
37.8269 45385.45
-0.4888761 4075.631
-0.031385135 645.71747
-0.03889942 1705.3682
-0.026331117 873.01965
-0.0141279325 649.8159
-0.03387924 1442.264
7.820825e-05 2842.8428
-0.005832077 22.232372
-0.0010763399 1749.8981
0.00786575 47269.453
-0.14019272 2514.883
0.0007455056 790.8595
0.18267637 100.16469
0.034936707 3758.5977
0.10062252 737.3385
-0.02639647 1153.6577
0.0072872406 40698.996
0.05209925 3136.722
0.085180104 661.2409
-0.0070792986 319.40558
-0.028814811 102.97814
0.02852695 575.3907
-0.22455011 3164.0225
0.0040677786 37711.883
-0.01632763 2552.6182
-0.013639355 204.47672
0.09260627 438.6624
-0.11061569 2494.702
0.097775094 35.28804
0.14718989 262.84036
0.11972902 1260.1664
0.02948722 2348.1616
0.0058384 1199.6488
0.20741713 2449.7625
-0.008616075 220.55411
0.00593111 36355.664
10.885001 45314.152
-0.0040211855 2458.1416
0.056014184 10111.743
0.016804632 2132.901
0.025675194 1464.9633
-0.031259187 2310.8262
0.0075867213 26043.13
0.015961235 1922.4672
-0.04563081 2465.2444
-0.0005847391 10113.198
-0.0036365166 3043.9482
-0.000536017 2007.9344
-0.0005262353 5262.706
4.356298 45284.777
0.002440124 3620.1868
-0.00031850184 1895.5049
-0.020145608 1810.7826
3.6233552 45290.277
-0.022825776 623.61316
0.0010873333 3435.609
-0.0014713291 6215.949
6.515085e-05 1071.8599
7.0866234e-05 3445.2207
-6.392996e-05 3108.3303
-1.0330689e-05 3940.829
7.95326e-05 2429.6997
0.032687683 38140.87
-0.00014233927 3733.7698
-0.000632134 6207.835
-0.00062153145 1868.4296
0.0052896123 2713.8823
-6.18861e-05 4042.4968
-4.5434667e-06 2393.3843
2.0501986e-05 3004.089
0.0008237832 1530.7786
0.00010350057 3659.1826
0.002917951 2371.4504
0.00021811426 4110.173
-2.837877e-05 2932.6716
-0.0018122708 4072.2852
1.6069583e-06 1570.9657
0.1275273 28691.174
-0.00034130213 4025.1296
1.0626207e-05 3883.238
2.933117e-05 3143.516
0.017447338 2041.0226
-0.0007057478 2793.7456
0.07283296 23055.502
0.0009950438 1772.1177
0.43423483 45250.676
0.00013116056 2806.2407
-0.01739909 631.3694
-0.004366295 2396.8938
0.00031396825 1643.512
0.028239321 944.6773
2.2025482e-05 1844.3358
-2.8561959e-05 1171.5756
0.00018984044 1713.6492
0.009779173 1304.6027
5.7304493e-05 3893.527
-0.0027983952 2304.813
0.0018907116 1521.1615
0.09769786 12706.053
5.35704e-07 4338.1807
0.30031145 49645.023
0.03344026 1702.7815
0.24882933 49611.266
0.0005903833 2932.3281
0.18014851 45059.11
-3.404543 1045.5643
-8.410368 2562.3123
11.084245 2631.58
5.5128145 1124.5277
-11.1543255 3968.4895
-6.761528 1669.2201
-6.1124024 1478.3556
22.042456 3045.841
5.6862016 632.546
4.610644 624.1829
-4.930799 1317.3911
10.542605 1879.8132
-6.0711675 2042.0841
-18.515688 2931.2327
16.153452 5227.4985
5.3037434 913.90497
4.3469638e-11 0.9504461
-9.53185e-10 4476.222
-6.341922e-10 3167.4016
3.035752e-10 1534.8032
1.956946e-10 809.33673
-2.7993308e-10 1718.4241
9.3050717e-10 4350.679
1.7151751e-10 624.84045
4.664158e-10 2073.6414
-4.329998e-10 2379.0159
8.1234686e-10 4020.0522
-3.8096395e-10 1918.7916
-1.5921822e-10 795.4311
8.370464e-10 4149.6035
3.674895e-10 1999.3337
1.1885236e-10 625.15533
3.0979141e-10 1588.0863
-4.1723297e-10 1904.9546
4.2644538e-10 2223.0574
-7.724591e-10 3725.0234
-8.353103e-10 3958.9736
4.6284218e-10 2402.3613
2.0762186e-10 1169.7004
2.384328e-10 1424.9902
8.6294066e-10 4444.872
6.9915923e-10 3227.543
-2.3485264e-10 1014.5531
1.0860629e-09 5852.167
5.207644e-10 3021.3042
2.4093258e-10 1672.3546
-3.9841103e-10 1407.0022
1.1159382e-10 1127.4679
-1.8434898e-11 621.71936
-4.3666581e-10 1644.0035
-2.871288e-10 641.408
-2.721966e-10 660.8204
4.5595066e-11 1192.8798
9.323085e-11 1045.4407
2.353423e-10 1907.9404
3.3813793e-10 2329.5989
4.867859e-11 929.1714
1.6640775e-09 8738.623
-5.8995797e-10 1655.3519
6.2339106e-10 3713.416
1.3607336e-10 1759.1873
-1.4049398e-10 609.4881
-7.3976975e-10 1957.3903
1.6372798e-10 2603.1775
-2.3125682e-10 612.4265
4.038742e-10 4126.6724
-6.768351e-11 1894.7009
-5.6468064e-10 995.1034
-4.763902e-10 822.9594
-7.518149e-11 1070.7697
8.586938e-11 2194.9478
2.691325e-10 2386.443
-7.809811e-12 1504.0137
-8.510506e-11 1013.6349
-7.577718e-11 1553.5471
-1.4675157e-10 1493.5159
-6.5643574e-10 1558.1958
-2.7805916e-10 813.76685
2.0819295e-10 2059.8901
5.300426e-11 1588.3629
-7.269809e-11 544.7543
-1.31672685e-11 949.4671
2.7525062e-11 1998.911
8.6245605e-10 5091.3794
-1.111398e-09 3580.1816
1.7916486e-10 2983.327
1.3072105e-10 1423.7312
-1.5135766e-10 547.5675
-6.808923e-10 2171.4346
-4.1627116e-10 1743.3639
-4.770261e-10 1605.5671
-3.486838e-10 770.5735
4.161677e-10 2482.9014
7.486822e-10 4389.6606
-9.0292873e-10 3819.8638
4.4230866e-10 2664.3176
-4.8998844e-10 2162.4893
-2.6855385e-10 1121.823
6.666793e-10 3337.0193
-5.337885e-10 2133.905
-6.619373e-10 2746.2844
-1.2384682e-09 5836.4556
-5.323202e-10 2154.956
1.7099144e-10 1454.4233
-4.112993e-10 1334.897
2.671348e-10 2859.0134
3.8291342e-10 2062.931
-7.180679e-10 2468.3916
-2.0534599e-10 952.7918
-4.421828e-10 1839.7961
2.9583663e-10 1619.9751
-8.001713e-10 4515.5596
1.8030333e-10 988.2522
6.2532546e-10 2936.4888
-6.029892e-10 2872.3606
5.879991e-10 2457.863
1.3834965e-10 1049.0757
-1.231228e-10 696.4003
8.1646745e-10 4346.559
1.6460024e-10 1203.542
-4.1609174e-10 1464.9401
-4.841058e-10 1981.4448
8.102019e-10 4250.2383
-2.5371202e-10 828.6897
4.1788123e-10 2670.4795
-8.0011564e-10 3301.3865
-4.523281e-10 1737.7123
4.864985e-10 2795.1523
2.8567282e-10 2037.0406
6.1126665e-10 3456.714
7.135529e-12 800.23315
7.383866e-11 704.03754
-2.6979594e-10 1014.11896
3.0755282e-10 2090.1729
-3.20571e-10 969.2962
9.4126935e-11 1162.4822
4.35346e-10 3052.7415
-5.9373384e-10 2083.1594
-3.4339716e-12 672.5032
5.684022e-10 3398.9841
-8.3145174e-10 2849.0806
2.431181e-10 1937.0417
-3.8490638e-10 619.7704
14.031408 4621.2104
4.2633657 2164.7798
2.9717317 1328.6488
10.657366 937.68085
3.8824015 2586.647
-7.997322 1558.8176
12.212972 2415.285
-14.82311 1891.5337
87.729904 3737.8027
-1.2471671 923.97455
48.158287 1516.4141
-76.73854 2964.574
28.563179 842.2432
-6.0960364 1968.4789
-52.765152 1044.8301
84.41499 1872.9039
-10.8984995 1267.0999
41.343353 4695.5713
-16.15171 1468.2131
-7.194552 2095.5566
2.8233428 847.1308
18.281475 2558.2307
-11.282718 1005.5058
-4.640312 878.4196
3.8016825 1432.3197
127.89341 2679.1355
-8.597558 872.75464
-5.4395814 4587.1104
20.132776 1210.2297
-6.2294216 1299.1614
-23.178577 1473.3992
-18.201054 3199.5469
36.633663 1311.3287
-6.136963 474.83264
72.3968 1735.8124
-6.61804 771.1608
11.9289665 618.7066
-0.5431644 659.7622
34.01094 650.05994
-133.18127 3371.9785
4.6334333 834.09357
-1.6254375 2249.1914
13.68938 2636.2173
-20.659918 1819.0774
32.80865 9830.446
-15.908608 1881.6284
24.445263 1649.5269
-97.93883 3509.028
-13.8774185 599.0289
-53.1758 1036.3359
151.80583 4950.546
-12.894059 934.62866
-61.67908 3152.7454
-184.08597 3446.514
-21.90711 1287.073
-6.2409472 5030.608
-2.4425173 1757.5829
40.344913 1338.4552
-12.210738 641.7271
-187.0332 4848.786
-99.98301 2253.114
-10.299022 989.77014
-4.2183623 997.4063
20.643347 2795.152
-32.62294 12508.908
-52.305508 16123.805
-119.02227 29374.465
-117.74261 23728.172
-121.66382 16625.768
-59.798428 12134.191
-283.95847 35379.883
-15.578795 10995.557
-416.40585 29026.502
-112.243866 10533.109
-145.14597 24692.943
-121.84701 40710.598
35.018925 46620.1
6.5463605 10183.909
-26.695887 14792.686
-535.1067 20490.373
-216.58176 12819.278
-42.887608 24057.902
-361.76422 9402.459
-489.25467 10708.934
-274.08914 6684.533
-249.46078 7038.2314
19.750954 16465.13
-74.444435 32632.865
-126.674484 45410.01
-20.344126 38762.25
-21.350008 32640.127
-906.2377 19510.252
-1930.4546 38876.12
-1290.4323 28072.066
19.624043 15166.598
3.3518405 37443.13
-196.47948 20354.693
-1478.3232 28729.336
6.935293 29935.15
-531.472 14774.4
139.8969 5945.738
-249.796 6094.4653
0.44683525 22211.031
-0.47371253 18886.885
565.6403 21662.455
-0.3878229 14209.586
-0.26053593 12000.135
190.02165 20633.33
-0.12789609 7667.3335
169.65036 19751.658
50.412815 21678.494
33.24113 24299.963
12.360463 3636.886
2.5379379 1920.1552
0.6769763 2996.0886
41.34017 7335.456
-0.047485497 127004.625
-82.4267 23853.86
2.0479178 20938.781
68.970566 11522.205
-92.00854 21247.6
1.7206202 24809.441
42.29589 54459.363
127.06983 38198.336
17.050959 17313.064
-284.00488 4490.679
32.818184 5730.623
0.90958786 96727.76
32.52503 3158.6926
44.81695 8199.749
19.571877 3749.217
7.138138 2210.8298
7.769202 856.5017
8.28488 4601.034
0.43143743 92169.54
16.074827 3988.8552
3.893153 809.8899
2.4982069 1292.2834
9.714146 7436.9775
4.7721252 2966.9548
-0.08184917 19250.47
1.2500343 590.9758
1.1671487 7738.666
2.0568464 877.32025
1.3735356 676.1406
1.3569223 1991.8235
2.413391 4374.0024
1.8551002 309.38123
2.9498265 135.26814
10.389333 593.765
15.281283 8026.7124
0.8001511 184.88612
4.9459696 267.36676
2.9428265 1286.9258
118.504814 13486.654
48.217655 640.83105
-4.852858 2922.9568
2.5632195 45.49953
36.76044 22088.854
2.6701207 733.88885
4.4793615 329.98828
-14.105388 4609.8594
1.4115769 352.63055
0.3902889 129559.39
-1.3874521 7059.8784
4.2273293 1246.3081
-0.22994216 4.2558675
3.9460933 85.84474
3.5456321 307.22318
-0.2205448 1896.3988
0.55583614 1466.4648
5.6536946 793.3759
-1.2989945 295.38654
0.46773922 97788.02
0.5139448 6971.281
2.983896 348.0054
121.39059 45516.176
95.53177 57638.9
10.86722 4145.647
0.07794393 450.00314
3.143998 1853.6047
-49.351593 11756.61
-46.534157 9474.87
1030.1926 49888.94
-145.88689 3467.3862
-138.17908 3346.2148
-265.46716 9299.651
-148.79295 4947.0317
-23.603552 16085.368
-800.93243 17564.025
276.47632 4337.5796
16.489258 8530.184
22.58687 2064.451
87.920166 50091.34
-59.642727 1309.2682
-42.854424 3444.3796
-136.97772 4236.9854
5.6383586 1349.7548
-188.07399 3680.5537
-4.0796833 970.2625
-225.97621 3992.4956
-111.550865 1838.2949
54.341446 6231.142
-152.88293 2537.6206
-41.36156 2439.6343
213.29877 55624.04
205.53842 6045.812
-116.71847 1685.3679
7.593222 79.691574
-193.41887 11191.286
-38.469337 1283.7433
43.31648 3093.3384
-77.8921 1420.67
-68.90812 3847.0608
-30.105228 242.91905
-5.551517 101.440384
75.76702 50136.176
-52.63475 1149.4452
-2.9503036 4748.412
-46.68497 856.93335
50.420784 7658.6416
24.125683 2688.93
39.67559 2662.582
9.425631 4877.1045
0.9838578 69284.75
1.4615023 2645.6301
0.16357878 3452.9263
7.3339176 3279.7822
5.80229 4037.9275
1.7203921 5097.031
-4.8792377 4745.086
10.303136 3179.0266
-0.27259836 3619.681
-169.85579 2696.4294
0.26448363 4854.3613
-1.4200966 4441.828
-1.8934269 4507.5366
0.26567966 1121.7783
2.9585543 2344.8054
135.07637 49984.434
-0.60875195 3793.342
-5.176114 1963.7351
1.8924245 1085.0951
120.58766 45439.31
0.046566375 4110.4424
0.76647127 2302.609
23.018373 4649.278
-1.8679218 624.47754
-0.5223957 4290.3584
0.9528829 41419.42
-0.34107056 899.8081
0.4055705 1848.985
-2.6562405 3405.095
-1.9072846 624.6185
-1.969253 3453.7537
1.1294886 43338.555
121.13323 49965.652
108.46854 45420.5
-0.81817615 2871.4922
-0.3198723 3493.937
-0.92859465 1456.705
113.37256 49951.82
-0.6298824 2687.1946
-0.44682217 1958.0447
-0.2528791 2012.2195
0.45937392 1960.3451
-1.2511891 2494.0015
-0.37691414 2118.6587
-1.6778646 2607.3672
-0.4051256 1724.5424
-0.25379503 1181.5398
-0.9513774 4020.636
-0.35791022 1542.9817
-0.41538516 5980.8745
4.5787 2136.861
0.17150232 1911.449
-1.2960812 5624.9023
0.9680171 3867.1465
0.0009987357 3259.5352
-0.12710159 2364.0938
0.2666652 1247.1636
0.10933841 1356.1146
112.96751 49959.164
-4.3537126 3361.6843
0.9814457 1903.0336
103.014534 45418.953
1.7657928 3895.3716
0.19535625 2021.1929
-1.609312 3722.3464
5.2422605 383.9777
3.0429773 3648.9634
1.0170839 753.1634
2.2224245 2959.9531
102.044464 45419.723
8.178406 45321.434
-0.09366482 6448.532
1.9795182 1902.2126
2.8312256 3920.913
23.280571 849.1538
-0.1100205 5386.9507
19.32044 2218.8914
2.402176 2079.1213
10.372818 1030.7412
-0.41897786 5577.166
39.603695 2233.1562
1.6350859 4436.4746
1.9844859 4092.1174
1.8651693 2227.8105
3.6464713 3319.837
2.7661796 3042.5044
0.511049 3847.838
3.4014888 2867.5872
0.0018594036 359.02237
8.6877985 1324.7352
11.399874 3470.532
4.910246 3658.6514
4.4084063 3879.75
1.3587807 4425.095
1.8924463 3553.934
1.5442995 2838.5618
9.83555 50661.895
-138.31337 2179.2292
1604.3989 46829.88
-0.2346879 4254.082
2.1768591 4748.242
34.53955 3318.4873
-224.95116 41700.152
-185.01604 41690.246
-67.79104 17845.697
-82.85156 35614.35
-70.23004 20760.24
-175.59729 38297.285
-63.905212 19102.44
-114.27622 19840.463
-31.548347 7405.67
-21.013443 6875.541
-78.84275 23579.377
-40.982285 7925.424
-3.907431 8787.231
-1.7425628 7932.5083
-1.4910319 11083.078
-64.59701 12292.889
679.49835 52100.746
-105.71031 9866.028
391.5213 51164.152
-3.2413394 17333.725
-56.928448 9299.472
-5.107167 15291.975
-121.50353 21350.842
-119.15161 19656.854
-0.6595488 11052.482
-73.50749 25372.232
-147.97322 16647.773
8.371928 8898.495
-184.75186 19333.3
-26.195524 12775.166
-549.4403 39858.145
3.228925 19084.166
-227.59422 10754.319
-302.5589 15235.525
-350.22125 22135.791
10.495488 13653.915
-804.06195 29201.322
28.067514 12658.162
-14.298677 10984.148
8.1526785 12343.792
14.036944 3145.1404
-542.51135 12420.676
0.0065503283 63305.395
-142.40637 20298.652
53.88139 10027.132
87.74622 4181.3926
-242.06374 3562.727
-1145.5785 34040.582
-825.40845 16393.105
-450.02686 8781.633
5.313102 76557.45
-464.00314 13598.644
86.125885 4545.1826
-291.71017 4864.381
45.802383 8190.581
46.51135 9607.976
430.18527 12355.431
12.691143 11911.377
91.26451 6426.6416
1302.5308 69308.13
113.91658 8665.544
47.327763 3939.216
-278.2011 8950.82
0.88981456 78667.73
23.65431 19581.72
33.912464 13409.398
47.851643 7465.5107
29.71338 59262.188
-0.34845242 11933.714
88.88621 6000.4146
37.314335 12853.099
-80.41192 29252.07
-413.58994 31302.525
42.91695 6350.1304
30.28875 8144.0723
-38.733284 3116.3965
45.03967 7651.6353
15.008248 3895.0999
0.33042434 13318.143
14.887532 7683.9175
9.12507 9924.083
10.487202 3742.001
3.4214756 10731.646
9.186792 2877.9714
8.748667 10187.346
1.4185826 74608.63
10.329407 6235.7593
4.403801 5757.9443
2.9452243 76659.41
3.515439 64287.26
17.307697 4570.139
-1.0252595 20442.822
-44.813953 5473.983
17.052277 66722.664
5.996033 6118.624
7.8634624 5426.5117
2.351698 2818.983
-37.259422 2373.031
-1.7030753 11259.458
14.347325 3868.6611
-15.621588 7777.6543
4.908871 4424.463
-21.184322 3323.2822
-27.423582 13720.3
-10.82553 6258.43
-0.28106087 8233.419
0.062083874 4812.531
0.7919543 7095.9766
0.039220776 1078.486
1.3041712 1644.7859
3.39982 3602.409
0.916853 1160.2115
0.4092145 68069.555
0.27603117 65047.57
33.98954 995.0017
2.7829206 1801.1171
0.49021414 62373.133
0.83343095 2904.669
1.7941289 51289.027
28.503311 2021.9777
3.2198834 958.19806
3.6816237 2759.2075
6.767529 3078.4954
10.837587 1527.8287
-54.006245 1339.3533
4.527036 5091.123
-30.242374 3775.9087
1.9469514 872.215
1.7423023 915.80505
3.0367992 1299.8497
-10.128177 421.708
104.648315 49952.566
2.8276958 1321.0105
3.4220254 2413.2524
170.2165 45389.812
27.399492 49984.96
3.676931 4512.8335
2.5948677 1947.3667
1.7991978 3302.6921
5.29958 4550.6724
141.75446 49758.35
151.68579 45131.41
-42.58497 2331.7524
-16.298141 1909.3439
-21.175287 7395.1763
-30.129473 1338.0181
4.06561 532.8893
1.5662607 1719.6074
0.8194881 1471.4648
12.079211 932.97455
2.7477143 3882.0076
-0.31839317 1225.1415
0.39083868 782.1324
-4.5656652 973.9943
99.86398 48280.5
-11.437603 1993.3022
1.7347913 361.2102
-1.5881995 456.04327
-4.812511 982.73676
0.09775546 1395.3889
-3.6848133 1321.1371
-6.0429187 2034.2789
16.895351 44250.75
-4.9493017 2811.0789
1.5191525 1454.6339
-5.2907667 2690.906
-2.1587658 715.2881
-2.5639298 2934.6455
9.161357 817.5562
0.7963311 2023.1884
1009.144 42420.17
0.95005715 3562.7207
1.861464 1074.292
0.09480097 2119.5288
-0.047162496 1401.5762
94.93362 45405.723
92.805824 45403.152
-1.2337023 3968.3323
-1.8314134 2611.2476
85.46904 45394.465
-0.3872259 2542.056
-0.21517934 2188.672
-0.49588132 2578.0312
-0.3572319 1002.0444
-0.4207302 1594.7478
-0.29371408 671.18304
-0.41722703 4218.3857
0.16819516 1050.5894
-0.2367822 770.8772
-0.23290157 133.49327
0.8489733 112.564766
-0.23679112 811.7661
-0.62422335 287.43933
-0.19657913 2735.943
68.452644 45379.137
-0.17185535 1404.5518
-0.14386976 1256.0474
-0.0005634678 170.62885
-0.5061699 2542.839
-0.1789703 2066.1777
-0.27630588 56.47286
-0.29663852 68176.01
64.521286 49906.43
-0.09290487 2545.0227
0.2372882 3768.647
0.37494832 13831.3955
-0.1691662 3519.0012
-0.17282388 406.12366
-0.08270759 42995.19
-0.030153107 4311.1875
-0.20092319 5554.116
-0.16057923 2481.349
37.54946 49857.26
-0.058910217 2617.9407
-0.008188113 2211.1726
-0.14059201 1659.3618
-0.031534906 1601.251
-0.050855365 1328.3804
-0.08711004 3696.732
-0.0723342 1939.9894
-0.135318 2052.407
-0.087890245 5358.477
-0.022286316 3855.6707
-0.026066303 1069.9612
-0.03737493 829.5766
-0.07468988 622.04047
-0.024803834 1283.6417
0.17601036 43196.836
-0.07094062 3164.6462
-0.082227305 658.2576
-0.17411599 533.0116
-0.011547841 612.897
-0.10054261 4948.3105
-0.05250827 4289.8276
-0.058735743 447.6403
-0.009402655 870.8583
0.56799304 1125.3898
-0.0077675353 430.90796
-0.053617634 10711.579
0.8952626 40270.78
-1.7610505 7520.4097
0.88847333 941.0849
-0.30541214 5408.624
0.18830867 1247.7571
0.89625466 5911.4644
-0.13996966 623.97595
0.49817014 3109.5078
0.41927448 3055.8452
0.043541424 2286.953
-0.42859378 2562.602
-0.059879646 4975.504
0.8756378 28986.227
1.007237 3940.5164
-3.7448847 1413.8492
1.5115757 2784.5173
-0.088580444 5287.929
-0.3098929 2157.8477
1.60362 5921.149
0.6131559 2729.303
-0.6133014 3528.2546
1.1477585 27727.973
-16.785913 3768.58
11.428037 4827.5444
-0.2878549 3690.582
-0.094897375 1153.2511
-30.157038 6270.8506
-382.15054 7686.5674
32.958138 1468.646
22.391521 3074.5435
4.9782114 18246.904
-59.025543 604.45874
-163.49072 35746.78
-63.57216 18513.297
-46.97432 12489.526
-27.531687 7923.2134
-66.089516 19944.707
208.30284 45661.973
-30.178106 15100.714
-72.25656 21660.846
-19.008488 12761.316
-69.07913 17738.287
-103.001976 22640.342
-30.701971 14192.067
-94.39231 22494.33
-93.38593 10922.199
353.0115 46366.633
-125.80385 20494.84
-67.42151 9628.506
186.12775 45813.203
-401.38766 44147.246
-505.15463 40442.23
-259.896 20168.803
198.65126 45216.83
-116.407425 12475.156
-466.8405 37136.184
-174.87143 12256.877
-426.1269 36821.92
29.316223 33774.098
-131.64755 8839.625
25.543795 7181.5786
-201.15573 12072.003
40.3539 37760.117
-147.99893 12443.653
44.2919 13414.29
-284.14514 16211.688
-347.94592 11325.392
-274.51224 9985.014
44.626022 25864.51
-581.2181 17473.748
44.270603 6506.8516
150.99352 17264.252
-195.12576 19035.28
-24.001255 7568.858
-267.6142 17382.012
-395.52377 22196.541
-639.60297 9120.644
1752.7449 62103.594
259.18237 50869.312
57.359737 21583.549
157.34164 10495.464
58.4873 14937.54
-1149.2037 20415.436
169.75197 40578.527
-735.35785 9348.053
-67.41365 21173.035
13.928969 22330.56
257.8612 52104.715
-1665.1469 29380.408
3.215303 191.28346
-521.63513 30728.893
41.519302 4175.3022
145.2243 45988.586
29.765799 7629.949
51.085823 2407.0913
86.22846 9221.302
54.72574 3235.636
28.139015 1037.931
7.98215 2036.1338
47.5021 7212.126
67.542 5419.338
0.6847635 123953.86
17.823252 5790.139
6.8709083 233.08415
12.598975 341.50363
13.686157 707.5467
13.517825 1299.1458
12.665193 1893.5948
11.442973 743.0982
10.561566 1394.8999
11.303835 1126.384
6.5258 567.8752
5.8051934 538.6687
8.625255 8734.306
3.8211339 1139.0786
2.6669784 733.71265
6.1371894 1498.5789
4.876805 962.4551
3.51007 182.48119
4.838084 1480.347
1.3055052 77907.164
9.734616 3927.0574
0.8866434 2293.799
5.9677444 12193.909
4.890134 2037.9392
0.40968674 10722.253
20.105373 10003.282
10.874593 7725.5786
39.219196 13798.344
23.078527 9267.251
3.7004974 988.3388
4.8553963 4914.4585
10.382461 5551.87
-55.225914 12649.586
60.995632 6950.825
19.990105 11613.879
166.34846 16458.7
-875.4052 31455.115
23.07956 9559.608
12.2544775 763.4204
2.2246113 2178.1562
1.1445245 83258.86
0.019170059 10741.8125
7.33298 1413.5369
0.04864857 853.0812
2.6843219 4312.5396
13.57474 1190.6254
3.2125955 3387.8298
6.0537148 1102.7368
9.368644 2615.04
8.444529 1858.9236
8.201493 13586.783
31.493042 7046.6978
14.342868 435.46164
5.816014 651.5491
55.136227 4258.0967
12.380684 2269.9758
-11.452608 14124.493
145.77115 19695.215
446.94067 67001.28
-882.5114 19941.217
1.5432599 94717.74
-1320.0646 24006.92
-109.86115 7373.362
-1094.5216 19612.78
0.7309711 2355.2366
3.952066 418.49896
0.33677042 204.43323
13.856972 1649.2577
5.683934 297.6509
3.2608528 3499.7083
1.1396393 585.81635
2.36118 193.63998
15.788208 1425.0975
4.6229587 353.7456
0.09770241 90062.86
-93.78847 19458.662
5.2693 184.00735
24.883867 521.6781
-0.67485136 326.6915
0.17914715 3202.5334
39.561924 1406.1526
-2.3982067 7813.537
-0.09829086 1388.2334
10.002232 134.5535
-0.3994498 4038.1885
44.76509 49338.812
-43.418976 4446.97
-358.32562 8265.76
1.56853 4498.476
0.09447658 188.07495
53.415176 58985.0
-460.7309 7843.1646
24.229906 5846.9336
145.27426 8053.8823
-56.47877 7430.137
-0.33052045 6247.6514
-0.5583523 1060.4001
13.794989 2293.708
56.873768 911.26715
1.4387599 991.07697
-0.26230898 1018.2308
22.66049 14941.138
-112.58723 9007.693
27.51461 331.55307
-16.695879 5907.8174
4.475828 166.58112
-0.6280381 1.6749182
92.73774 4814.1465
16.5637 160.45642
14.2471285 4107.062
43.71415 10351.662
-5.442666 102.99218
11.905858 5573.443
22.83093 2353.361
158.24857 49991.97
-241.81659 4093.338
4.36835 324.3294
9.110916 786.71204
4.5122027 610.30304
6.2620068 2239.1902
11.218124 97462.08
7.756194 3750.1711
20.177807 3918.5461
7.2484455 79961.36
11.175689 2736.6838
4.7776365 73.71702
-1.4580697 2459.4736
3.3087504 403.38467
2.3155997 128.53381
36.313137 11126.448
-1.8837445 3727.1238
2.323908 891.86066
-4.2961216 3299.3752
-0.9105136 1393.4596
-0.4851573 1483.3317
-0.5360593 956.0268
-0.21669275 1322.3917
-5.147082 4202.562
0.79262084 1072.062
0.53263897 2175.4353
147.14569 49987.0
-3.0373075 1758.5115
-0.6570745 3936.692
-0.85582376 1540.7572
0.92470145 2737.5781
22.871136 7858.9326
-1.2285181 5746.1997
-1.2116902 2560.5947
-1.0171626 1978.1102
-10.612026 19233.807
-4.202699 2081.2815
-4.5446362 1138.0515
-0.36863095 716.3602
-13.154012 5427.37
-0.059663106 155.33208
138.68723 70350.52
-3.0470233 4640.4463
-0.7722432 35.252537
-13.129928 2180.8274
-4.1108027 212.3921
39.589138 25460.295
4.5698695 417.09714
204.01723 48547.754
-25.356428 13907.777
5.125802 3291.524
93.599365 64322.4
20.90465 1983.1586
1.2050104 90.97655
1.4703157 65.69752
1.4012206 1349.1202
2.2144332 746.5783
1.6844115 935.27216
0.3351063 196.13727
0.6937092 348.51978
0.16670784 856.0596
0.7452895 486.4226
2.8835118 7321.7666
-0.26250306 8331.058
0.35928375 567.21893
1.9634321 3894.8506
-0.4118788 4122.11
125.378006 49986.95
4.5941854 1782.4331
-0.312403 828.0624
0.72277206 292.90897
2.150079 228.20969
6.39982 1802.0675
-0.39958185 1182.9731
0.6812899 274.16254
0.20568976 68.1918
1.33475 333.40512
-0.16160324 24959.305
1.3022213 3609.6755
0.4753084 1588.8912
-0.3512276 783.5696
8.753833 46830.44
-9.416448 3149.1982
0.8439993 6148.548
-0.10182418 825.6639
0.32279357 44561.918
-0.28260675 3898.1619
-0.6049811 1935.8435
-0.8003389 386.33258
-3.8605497 4146.4873
-14.817977 1521.8763
-0.37492394 43058.516
-17.785698 2262.6904
2.0805929 1870.9448
-0.4832633 46374.65
0.23521875 2719.1152
-19.330572 2678.5293
-0.5709677 46785.742
-8.861444 2863.1619
-3.0346556 3007.365
-28.830431 2585.4883
3.6268878 1587.4293
-0.6821492 3746.6025
-61.5636 1710.2113
-1.6484215 667.0033
4.956228 11415.852
-7.591623 2338.8845
-19.951239 1751.0209
-1.7026615 3788.8594
-46.965492 3675.6833
0.53743213 1845.5508
-25.008743 3135.2686
-72.747246 1814.8945
-39.347847 3907.109
1.0693179 2482.3838
-0.7426938 664.2318
-26.243296 1952.3451
-2.0804303 1707.9794
-42.13094 898.3539
-1.0773576 3587.948
0.7689278 69.97772
0.043696877 69.856674
-2.0641673 644.2771
-2.8372426 2928.0972
0.11337028 483.4018
-0.336786 477.25598
2.718987 1142.6438
-0.1588938 522.73474
-0.30816543 40093.086
5.9851556 2209.5796
-9.848712 85.834175
0.8060821 676.6015
0.8057581 66.555695
-0.3070842 37183.42
-2.03077 6568.8564
-0.2611327 256.7968
-0.620811 1598.8177
-26.554232 2465.8757
-1.232797 4023.3022
-0.2858711 819.49396
-0.26965916 33407.387
-0.045632705 2166.1892
-0.23202461 137.68803
-0.06067229 1618.7397
-21.954239 300.25626
-82.829926 1263.4211
-24.169548 2487.0447
-1.5780731 484.42395
-11.553387 2678.0203
-17.658066 1663.0482
2.3332422 632.5996
-11.174594 1305.0487
0.60334116 2381.429
-9.022938 182.47519
0.0026110727 1305.8372
-30.271105 90.427414
0.041292958 2011.4248
-14.357433 18.608013
-0.18879661 3681.9373
0.1415073 361.3323
-0.09152232 246.67152
0.015297225 8906.977
1.0387216 13.989181
2.4229672 2167.1755
1.7270066 4263.8145
1.0265962 12501.714
0.08908924 5186.4473
0.03504199 16961.916
0.24856748 517.1461
2.2792368 2611.9688
0.94072604 28.121805
1.5698124 2039.7827
0.833457 236.31966
2.382064 955.94464
2.5793796 1838.4883
-15.258947 831.1973
2.1572123 4573.8647
0.13957253 2071.6057
53.665043 45409.004
1.5132225 4044.0662
0.55674046 102.93191
0.471776 625.35474
0.4952662 625.83984
0.395524 2135.1035
0.2639294 7799.423
-0.12035973 1272.4366
-1.3265914 2005.8826
-0.058964986 3815.8918
-0.07929123 1698.0674
-0.18626098 504.42282
0.58547676 27833.482
-0.34015447 3431.7595
-0.43926853 2418.825
-0.31271076 1092.2113
-0.4280663 667.0772
-6.996105 735.03723
-0.041450817 494.63672
-0.36555427 621.9831
-0.29050273 2602.734
-0.023441667 1177.0363
-0.116487294 169.66165
0.6851201 23771.914
0.5262391 25390.543
-0.02125478 381.01224
-15.293346 582.7168
0.0009895326 311.14642
-81.38767 781.7565
-0.86770433 632.2006
0.0057272357 2240.3147
-44.747597 68.37486
-17.129156 3099.556
-0.03236628 4399.7783
-0.012345378 582.2496
0.5006685 802.14734
-33.47848 2137.7246
0.017262006 2914.3452
0.71249795 8126.082
0.035292674 2902.0605
-25.33312 277.0031
0.632483 4553.382
0.026034357 2625.6655
-7.762137 6.3947005
0.022037867 2267.7026
-0.004124538 706.69904
4.150632 45.613773
0.09642861 1759.563
-5.673695 190.94785
0.052142594 2009.4098
-4.3252077 10.254576
0.013055482 2700.5464
0.093348436 42.13503
0.016056465 5.559274
-7.996555 3.4570065
12.175212 49633.617
0.01124213 2519.1252
-0.43346938 10302.288
0.026935099 2932.626
-0.56518036 38.421967
6.868813 49530.133
-2.5074935 1858.279
8.620789 2100.741
0.058439016 302.30508
0.099211715 25.323671
0.15474664 110.94655
0.15425298 10.429892
0.022578832 306.6439
-28.015629 217.64862
0.034763403 1782.6396
-0.048758306 47944.42
0.007694127 102.44243
-0.23009568 38.001762
-0.26606178 10196.76
0.033824835 5817.812
-0.23877765 2612.5835
-1.2111914 366.97427
-25.02989 513.7002
-0.3094102 291.7181
-2.2666583 587.99365
-0.29586545 4080.2087
-0.18303747 9649.566
-1.1413968 2119.964
0.25083128 2332.9465
-1.8310071 859.07196
0.44597623 25269.08
0.024982028 982.8398
0.670786 16675.848
0.00029662193 2516.2056
0.8546756 237.09045
-7.171451 973.3062
-4.663377 1135.0057
-101.90258 362.245
0.84032327 11614.232
0.050548322 2505.782
-116.06196 1330.8574
0.4828113 4070.4436
0.15121473 341.8266
-0.0539404 267.65677
-77.13585 255.53688
-7.4072995 6140.5464
-11.237516 1305.4905
0.007724949 833.6812
0.023988847 1301.5134
1.852265 243.85173
0.01377284 519.9271
-20.243061 3383.8394
9.436917 2233.623
-2.2438593 1354.9899
0.0073980237 11.719011
1.1686611 5419.3296
-58.46319 1675.7285
1.2650765 6333.0156
0.045976296 2641.1792
4.512477 10.956315
1.053192 33.65193
1.4101509 137.75136
0.062200464 15100.3955
0.061581418 1611.7406
0.8160057 2343.8987
1.3440768 3942.2432
0.24435835 220.5762
2.0197444 517.7423
1.1428454 2963.0613
-1.8749275 836.9536
-2.3990061 411.74255
0.05546662 1845.7097
0.03500579 406.0173
0.13586137 881.7914
-0.53657633 193.57233
0.19811867 15.613905
-1.410715 221.7127
1.1578199 2729.9565
-0.36503303 1261.8141
0.008587235 11900.751
-0.0007600321 3608.4048
0.26077524 7.7480392
0.5182946 3195.727
0.2039412 6689.309
0.0022176655 5039.174
0.807716 150.27748
0.021577949 119.785385
0.0025917634 155.75357
0.18213059 816.89935
-0.44705397 3321.208
2.7960649 538.908
0.65784216 1324.8295
-0.7817251 6744.0195
7.383946 2204.3296
2.2146473 2489.1892
-0.019125339 42.433308
0.107243076 49.85489
-0.0035396293 13.938083
0.0012503105 831.0111
0.011921901 83.83111
-1.0866826 84.10626
-0.04019134 43.59573
0.02144064 708.7445
0.0032362363 136.87068
0.3462325 213.19263
0.028530713 2369.685
-0.026496753 53.90427
0.34426996 43.26218
10.374226 2609.8386
2.8541827 3028.0667
0.089122124 16.549574
0.0044902135 11282.318
-0.47408777 8560.074
0.0011104627 34.822113
0.0019418945 190.7294
1.0885922 279.90155
0.0011827595 3291.588
-0.00017660757 20.70784
6.3366327 369.84705
-0.0035588834 6242.359
-6.2658544 608.5563
-4.6242876 3662.7976
0.0022277057 3869.7932
-0.00074153923 348.29584
-0.08607811 449.69403
0.023981558 793.07806
0.0075409217 4506.8457
-5.6467495 7804.191
-1.9513108 2281.013
0.0101464745 3326.8499
0.00565493 700.1356
0.17756243 593.8439
0.008542711 2710.9734
-0.12659095 45036.52
0.021899533 44238.375
6.5392756 738.91
0.014047593 4944.219
8.734113 1081.588
-7.811454 1154.5239
3.922119 3656.6404
0.0016343471 2197.6038
0.5015346 1341.8289
7.6883984 1746.4335
0.0038298087 1286.698
-9.1136875 2898.8765
0.18279587 13205.757
0.004261387 1537.6019
0.16503702 728.15735
-0.6453475 1907.9165
0.0025128108 3122.9656
-0.010969931 55.21073
-0.0030295965 269.7704
0.007951532 815.5699
0.0013055737 406.4964
0.0056161997 509.70386
-8.379496 438.876
-1.4537029 1541.2714
-0.002513584 644.612
-0.000481553 3257.5986
-0.009763261 17505.072
-0.4033948 1785.0026
0.0038992676 3538.0469
2.5207705 103.39749
0.0075593907 1346.3826
0.005064487 173.52171
0.006460841 160.02055
2.7304764 225.794
0.22313409 11800.358
-17.134905 1144.5829
0.002581149 1917.687
0.0055100285 200.64528
-0.552122 582.3851
0.016020402 3013.359
-5.9739857 185.68771
-0.0015929304 793.73267
-0.10134369 671.5093
-5.397556 653.211
0.89787143 2337.3687
-5.6189775 1150.3293
-68.11889 1864.0287
0.3236035 4404.19
-3.0953317 1473.16
0.0083694365 44053.875
2.0801704 2419.4746
0.36554924 555.2783
1.1985625 66.47778
-1.4900427 1864.4031
0.4159892 327.8895
0.14357927 27.37849
0.16413169 2.075931
-11.769905 74.80559
0.22487558 519.65765
1.5604914 3667.7996
-17.26819 2494.195
-0.009696795 6832.6045
0.18060133 73.34971
-32.644665 1092.7872
0.11365335 2082.9724
-2.9272914 6.8359547
0.415631 306.50415
-20.540155 218.2681
-0.13870163 1961.6965
0.02123149 10830.143
-6.969399 2014.8319
-135.8958 793.26917
-0.1348288 3433.3628
-0.69652885 27.614054
-0.09163653 16.11076
-0.025483942 107.98231
5.170699 12384.421
0.20833631 2382.3826
-0.7993913 3551.7825
0.17810245 505.43185
0.22589019 155.10777
0.39365223 645.7513
-0.19715586 2116.599
0.9416514 139.55554
4.476854 330.61224
-3.2606115 37.221924
0.41477832 197.36844
-0.13280629 66349.99
-14.066873 4653.4155
0.13843806 844.84656
-0.06633301 51218.46
-0.022390824 1362.3213
-0.08196248 2113.9775
0.00836704 48413.336
0.006762049 48378.816
-0.013810214 2846.491
-0.20380773 2539.4775
-2.8500829 1778.9285
-0.019339323 1852.3152
-0.09057498 7470.0156
-0.9578682 2509.1008
7.8167 4466.6533
14.852245 3244.4114
-0.15509 3921.5266
-0.8066277 2946.328
-8.946049 1267.9581
-0.15599892 1668.9769
0.0005156225 47963.133
-2.943086 3554.5378
-5.4628754 2925.1162
0.3857853 4579.965
-14.470279 2270.17
-58.29621 1534.8972
-5.302198 2241.491
0.00039293966 3993.0942
-9.886093 3674.0808
0.10263423 2110.1245
-0.0051147616 3546.0105
6.0682454 3269.4004
0.051032927 2247.8892
0.011221763 4854.3857
0.016124036 4558.288
-75.917564 1213.916
0.087364435 792.8921
3.890219 2443.0466
0.54443824 1853.6702
0.10607971 1267.9076
0.2692442 2299.1404
0.012715995 3481.6985
0.36033013 1512.4048
0.80390304 630.25287
104.55353 45287.684
0.49567947 2501.5754
-0.16213664 295.50436
0.46499473 45846.695
-6.314635 4734.2974
-3.460148 4509.5986
-4.090321 3342.6187
-34.730843 1040.9369
-45.11673 3210.5334
-139.72179 1697.3658
-13.89719 3177.2788
-0.23091525 1584.7714
-4.3199844 2752.4973
2.1027472e-05 43034.56
2.4072166e-05 47245.61
-7.851779 4515.2656
-69.89089 1606.9418
-6.6455626 3579.0996
-10.167232 1166.4673
-30.81884 2448.7056
-9.764639 3522.0132
-6.5597343 2031.9908
-2.5912924 1847.6143
-167.05434 1172.5942
-5.3793545 3043.8762
-6.0159473 5189.1733
-65.42118 1222.2295
6.85299 731.9228
1033.3165 46970.105
883.6527 42746.08
13.442084 1485.8436
12.158516 921.8058
51.09081 963.0365
29.3665 2316.6226
-15.315739 464.01566
-46.629204 4192.984
-90.04682 3259.9382
-202.86172 2214.3306
772.3384 5625.5938
-3.8493714 1878.1722
-150.18568 343.38495
17.67787 775.4066
49.09112 3239.2998
-740.0561 1586.1968
810.34906 42478.453
15.136454 3356.5618
-88.00098 6456.6055
1.2528775 1054.3727
-15.326846 1233.6199
21.423464 2920.6384
19.818752 122.42662
-0.25322178 151.19987
-2.6425292 184.48875
-106.66277 3839.8333
-0.0006623269 564.9615
-6.8236303 3825.7834
6.3996186 2996.1228
24.442625 4047.8335
-13.068148 128.43672
-21.707767 4293.227
728.29944 42448.625
2.1023726 2236.394
-4.895301 33726.203
0.8207167 2932.5764
2.9521443e-05 42532.547
2.9234045 3821.6863
-2.252004 883.20856
0.00584995 57062.113
-26.956469 3165.2568
2.1488352 1258.9048
-1.663189 1434.3767
0.09089543 3610.5288
-597.58636 1523.0685
704.1348 42553.043
-9.057676 4192.852
0.044620972 1637.2842
2.339946 5574.604
-15.717888 1473.046
-8.974797 1937.4266
-0.00013836662 6549.2686
-1.718899 3489.5977
-0.7933925 4506.1475
-427.28235 2591.6184
-0.192263 3191.8064
-3.2812207 1798.8639
-5.722899 1399.1185
0.8109321 3756.0144
-0.073291406 2322.642
-2775.566 16999.746
-0.05071941 3467.541
-3.199137 4273.6543
-1675.0988 8900.662
1.417195 3516.6997
-0.08608396 2167.946
-17.550137 4398.763
-1.0336044 2178.618
930.746 40970.805
0.33221862 2416.9153
0.008892047 2474.4946
555.8199 42699.43
-6.958879 3598.9302
-8.181699 2919.5137
1.8834194 2573.4382
0.8089662 2458.971
-11.407452 1470.0137
3.6477425 1993.1873
9.837809e-06 16.939558
-19.067297 2582.165
593.7174 46853.203
-16.72316 2787.0286
-7.311454 2115.6013
137.02087 3203.079
-0.6494661 6237.44
-39.128857 2406.7817
-61.038944 1651.3391
46.108814 1677.1575
-5.836882 1359.0425
60.53972 1262.5198
19.126453 3984.2537
-20.168945 1792.6677
-24.028576 2779.0752
0.0002283364 16167.8955
-105.413376 3658.633
17.620758 1908.3705
-321.1441 16112.202
-108.64502 2926.2551
-7.0470436e-05 2791.2195
0.0098547 2121.1924
-11.062329 4009.4868
-55.363678 4035.1392
8.179552 1388.3752
-17.51559 1814.5854
30.070322 671.72797
-34.652912 3964.6868
-73.21373 4625.125
100.47141 3853.5212
0.0018323559 42466.832
-28.146051 2079.2312
22.221626 1613.3541
-23.12114 3285.0635
0.048807878 83.34084
0.89439154 183.6492
14.036901 2376.4043
-32.88188 2859.4983
-0.0555687 4.993678
-3.148906e-05 4230.8403
-377.75177 1656.695
-7.5506983 2052.2039
-9.129452 3554.644
356.4526 42421.953
-0.27743992 1920.8915
-3.2138696 392.20926
-0.1263823 3690.6135
-1.1498197 66.90651
-0.104634605 433.10626
-4.6171513 1340.0597
-1.7966634 4145.8574
2.9157746 3530.3645
0.0003137635 2805.6675
-142.50255 29723.531
294.10245 46599.27
-2.2557545 4608.566
18.860209 2598.0728
0.5142418 391.81134
-0.026363553 2357.6711
0.00010411698 3572.2227
0.00062900555 538.67084
0.00012980068 275.9935
0.0026180828 37.17339
-0.0022073924 493.98135
0.0008645931 2337.4648
0.006613244 24.783857
-0.009682238 12.177855
-0.0020122565 193.6836
0.25503898 2446.0283
-2.1608144e-05 1956.5471
0.38312054 24.498816
-0.2365763 188.85382
-85.00345 2503.9912
-0.0008591405 2375.794
0.32378343 174.54799
-0.0011051438 116.48881
0.00044084573 133.93597
-0.63146335 120.02006
4.8876987e-05 1818.4674
8.083001 53475.395
7.171305e-05 1103.1879
-0.002083721 97.82361
-0.013096405 5187.44
-0.00076798105 237.46819
-7.0270995e-05 3174.114
-0.00018539913 12.639237
-0.0001039817 10.181189
-0.0005206134 1150.0991
-0.009387943 23.365717
-0.00011761892 2511.9082
-0.0012124956 782.44507
-1.4759029 1343.3323
0.0019045889 6471.5303
-0.0011843452 1391.399
1.8091909 42806.793
1.7036486 42797.63
-0.00077362737 3569.3123
-6.300131e-05 4482.369
-0.0029839233 3537.7234
1.5555826 46923.145
-0.0008394083 3217.7683
-0.89742094 1426.0657
-6.900404e-05 3757.5554
-2.5933621e-05 74.29552
-0.0050968803 22.369278
-0.00023085071 2370.2908
5.433006e-06 4398.6313
-0.11423346 2760.2466
0.0055218334 2627.0142
-0.00030499397 10.087939
1.0573467 46785.71
-0.0002853184 2885.5847
0.00034293174 19.808012
-0.0010358319 2045.371
-0.00026295357 3572.2314
0.00042481654 54.876408
1.0490988e-05 2721.2896
-0.006796737 3614.1602
-0.0005264753 4526.93
5.755678e-05 64.69485
-0.00291243 4256.861
0.0018572262 5000.7007
-0.004297599 4157.7646
-0.0024245009 3022.9192
-0.0057645445 15.909747
0.0015148481 3875.066
0.0012706524 1650.5836
-0.06994793 2473.6023
0.0007399303 3094.9917
-1.638121e-05 15792.313
0.005485605 1587.9167
-1.5012715e-05 21.311863
0.0009488764 3052.5789
0.6887716 42403.473
2.8162192e-06 3532.801
0.010894695 804.12585
-0.01058018 41.93084
-1.7440261e-05 9214.232
-0.0001440707 3683.0613
0.72013754 46344.79
-8.742826e-05 2373.3115
-6.219226e-05 2385.9585
1.2779655e-06 2715.1863
-0.014511745 343.7664
-0.0020568192 2643.7852
1.0574862 27.453846
-0.00085793296 1693.7166
-0.06530491 86.57313
-0.12520552 2927.2722
-0.16752832 41.55533
-0.09271039 301.35657
-7.922747e-06 413.70148
-0.002088124 187.9881
-4.4330907e-05 3619.0134
9.221492e-05 10.601157
0.0006971808 2078.7307
-8.038427e-06 3272.2341
0.77030516 46036.176
-0.0025188206 3268.0217
0.0012439236 109.757256
-6.363004e-05 3332.2925
-0.00014986543 2055.3652
0.037632696 764.11804
0.019624116 429.18066
5.0405128e-05 12917.5625
0.00011037679 2386.3892
-7.501353e-08 46.02374
-0.0014206566 51.46928
-0.0028197283 3396.828
0.0002530113 2620.7217
-1.1835885 2261.116
2.9400043 5438.4956
2.8458604e-05 188.14331
4.595172 60.957867
0.49586874 2316.4817
-0.36047915 1166.6102
2.0025095e-06 931.5845
-0.0007706441 1591.8287
-0.7694951 2149.6228
-0.010898168 4200.362
-8.96693e-05 91.07323
-0.6016036 293.08994
-0.44332686 377.73483
0.612664 46164.684
0.7254158 4088.9822
-0.0019471658 11.913429
-1.8062796e-05 3537.3289
5.7702928 3202.723
-0.015286381 1580.6995
0.5158845 42050.195
0.5232398 42029.453
0.00012079253 2377.7834
0.08252584 235.28596
0.00040977975 2664.8613
-0.8576316 2237.2822
-0.0017781917 2266.0183
-0.0012563267 1668.964
0.5528015 41925.477
-0.00010922434 2068.3162
0.70215124 45936.582
0.00016520536 4621.6216
-0.0056908503 27.87775
7.83107e-06 19.966385
7.5761716e-05 38.654564
2.2808783e-06 114.56808
-6.599496e-05 31.718624
-0.00277731 1473.1676
-0.4237944 16950.75
0.00293599 1747.3262
-0.008155066 3224.157
-0.010117801 3720.4133
0.009090624 1576.2008
-0.01756685 30.257627
-0.0007921395 2144.9822
-1.511222 25633.887
